;altitud;dir;fecha;horaPresMax;horaPresMin;horaracha;horatmax;horatmin;indicativo;nombre;prec;presMax;presMin;provincia;racha;sol;tmax;tmed;tmin;velmedia
0;655;13;2019-01-01;10;05;03:20;14:00;06:20;4386B;LLERENA;0,0;955,2;952,7;BADAJOZ;4,4;8,7;17,4;12,6;7,8;1,1
1;655;33;2019-01-02;00;24;15:20;14:00;23:59;4386B;LLERENA;0,0;954,3;949,2;BADAJOZ;6,1;8,6;15,4;10,6;5,9;2,5
2;655;22;2019-01-03;Varias;05;13:30;15:00;07:40;4386B;LLERENA;0,0;950,9;948,0;BADAJOZ;10,0;9,1;11,6;6,9;2,2;3,3
3;655;14;2019-01-04;Varias;05;02:00;14:20;01:50;4386B;LLERENA;0,0;954,4;950,3;BADAJOZ;5,3;9,0;12,6;8,0;3,3;2,2
4;655;11;2019-01-05;10;Varias;09:30;14:30;05:30;4386B;LLERENA;0,0;956,5;954,3;BADAJOZ;6,1;9,2;14,2;9,0;3,8;1,9
5;655;33;2019-01-06;00;Varias;15:40;14:30;02:20;4386B;LLERENA;0,0;954,5;951,9;BADAJOZ;3,6;9,3;16,3;9,9;3,5;0,8
6;655;06;2019-01-07;10;Varias;15:00;15:00;07:20;4386B;LLERENA;0,0;952,6;950,5;BADAJOZ;8,9;9,3;15,2;9,0;2,9;2,2
7;655;11;2019-01-08;10;Varias;04:40;14:40;07:30;4386B;LLERENA;0,0;952,9;949,1;BADAJOZ;5,0;9,3;15,2;9,0;2,9;1,1
8;655;04;2019-01-09;00;24;13:50;13:40;07:40;4386B;LLERENA;0,0;949,1;942,0;BADAJOZ;6,1;9,3;15,3;9,8;4,2;1,4
9;655;07;2019-01-10;24;05;15:20;14:00;23:50;4386B;LLERENA;0,0;944,8;940,6;BADAJOZ;7,5;9,3;11,6;7,0;2,5;3,1
10;655;07;2019-01-11;24;00;10:40;15:00;07:00;4386B;LLERENA;0,0;950,1;944,8;BADAJOZ;12,8;9,3;8,6;4,6;0,5;4,7
11;655;11;2019-01-12;11;02;09:10;14:00;02:30;4386B;LLERENA;0,0;951,9;949,7;BADAJOZ;6,4;9,4;11,2;5,6;0,0;2,5
12;655;12;2019-01-13;10;24;02:50;15:20;07:50;4386B;LLERENA;0,0;952,3;948,8;BADAJOZ;5,3;9,4;13,8;8,2;2,6;1,1
13;655;34;2019-01-14;00;24;15:50;14:30;04:40;4386B;LLERENA;0,0;948,9;944,5;BADAJOZ;4,4;9,4;17,8;10,0;2,3;1,4
14;655;21;2019-01-15;10;Varias;15:00;12:00;02:50;4386B;LLERENA;0,0;944,8;942,9;BADAJOZ;7,2;7,7;15,5;10,3;5,1;2,8
15;655;30;2019-01-16;00;15;13:10;12:30;22:00;4386B;LLERENA;0,0;944,1;941,6;BADAJOZ;6,4;2,8;11,6;7,8;4,1;2,5
16;655;35;2019-01-17;23;14;10:40;14:00;23:59;4386B;LLERENA;0,2;943,8;940,9;BADAJOZ;6,9;2,8;10,5;7,0;3,5;1,7
17;655;33;2019-01-18;11;Varias;13:30;13:30;07:40;4386B;LLERENA;0,0;944,8;942,3;BADAJOZ;7,5;6,0;11,3;6,6;1,8;1,9
18;655;19;2019-01-19;Varias;24;19:40;23:59;07:20;4386B;LLERENA;4,4;942,5;935,9;BADAJOZ;12,8;0,0;8,9;6,6;4,4;4,2
19;655;31;2019-01-20;24;04;05:30;15:00;23:40;4386B;LLERENA;0,0;943,9;934,5;BADAJOZ;14,7;5,3;10,7;7,3;3,9;6,1
20;655;31;2019-01-21;23;Varias;02:00;15:50;07:50;4386B;LLERENA;0,2;946,4;943,4;BADAJOZ;5,8;9,5;10,7;6,2;1,6;1,7
21;655;33;2019-01-22;00;22;12:40;14:50;05:50;4386B;LLERENA;0,0;946,1;940,9;BADAJOZ;12,5;4,7;9,2;5,6;2,0;5,8
22;655;31;2019-01-23;00;16;13:10;12:00;03:00;4386B;LLERENA;0,0;941,3;937,5;BADAJOZ;15,8;4,1;11,4;8,1;4,8;8,1
23;655;34;2019-01-24;24;06;10:40;15:00;Varias;4386B;LLERENA;0,0;940,7;936,6;BADAJOZ;14,2;8,7;15,1;11,2;7,2;5,3
24;655;10;2019-01-25;24;01;12:20;15:40;07:00;4386B;LLERENA;0,0;944,1;940,5;BADAJOZ;6,9;9,6;16,9;11,4;5,9;1,7
25;655;12;2019-01-26;11;24;05:00;14:50;05:30;4386B;LLERENA;0,0;945,5;942,4;BADAJOZ;5,3;9,6;18,7;12,6;6,5;1,9
26;655;32;2019-01-27;24;05;16:50;14:40;07:50;4386B;LLERENA;0,0;945,2;940,7;BADAJOZ;13,1;5,8;10,7;6,4;2,0;5,8
27;655;30;2019-01-28;11;04;12:00;12:50;07:00;4386B;LLERENA;0,2;946,6;944,4;BADAJOZ;13,1;6,2;11,8;7,2;2,6;6,7
28;655;27;2019-01-29;10;24;14:40;15:00;07:00;4386B;LLERENA;0,4;945,0;940,7;BADAJOZ;14,4;1,8;10,8;7,6;4,3;5,6
29;655;28;2019-01-30;11;23;01:20;13:40;07:50;4386B;LLERENA;3,0;941,2;935,7;BADAJOZ;13,3;4,8;11,1;8,0;4,9;5,0
30;655;24;2019-01-31;00;24;11:30;14:30;00:10;4386B;LLERENA;14,6;935,8;927,4;BADAJOZ;14,2;0,2;12,4;10,6;8,8;7,5
31;655;28;2019-02-01;24;04;14:30;02:30;18:20;4386B;LLERENA;2,8;931,6;923,6;BADAJOZ;21,4;4,3;10,8;7,0;3,3;10,3
32;655;34;2019-02-02;24;01;11:50;15:30;23:59;4386B;LLERENA;0,0;945,8;931,4;BADAJOZ;16,1;8,9;8,3;4,9;1,5;6,7
33;655;99;2019-02-03;24;00;03:30;15:00;07:40;4386B;LLERENA;0,0;952,4;945,8;BADAJOZ;7,2;9,9;8,8;4,0;-0,7;1,9
34;655;12;2019-02-04;Varias;Varias;06:40;15:10;04:00;4386B;LLERENA;0,0;952,5;950,9;BADAJOZ;8,3;9,9;12,7;6,6;0,6;3,1
35;655;10;2019-02-05;11;04;09:10;14:50;02:30;4386B;LLERENA;0,0;952,8;950,7;BADAJOZ;6,1;10,1;16,9;10,7;4,5;2,2
36;655;32;2019-02-06;00;Varias;15:30;14:20;07:00;4386B;LLERENA;0,0;950,8;947,6;BADAJOZ;5,3;9,8;18,7;12,6;6,4;2,2
37;655;32;2019-02-07;01;16;14:30;14:00;07:40;4386B;LLERENA;0,0;948,7;946,6;BADAJOZ;5,3;9,9;17,2;12,0;6,7;1,4
38;655;25;2019-02-08;00;16;14:20;14:30;23:59;4386B;LLERENA;0,0;947,7;945,6;BADAJOZ;5,6;10,1;17,6;10,8;4,0;1,7
39;655;20;2019-02-09;12;17;12:40;14:50;05:50;4386B;LLERENA;0,2;947,7;945,6;BADAJOZ;6,9;9,9;15,6;9,6;3,5;2,5
40;655;30;2019-02-10;12;04;15:30;16:00;05:40;4386B;LLERENA;0,2;950,2;947,0;BADAJOZ;8,9;4,2;13,8;9,5;5,2;3,9
41;655;29;2019-02-11;23;05;02:30;15:50;23:50;4386B;LLERENA;0,0;951,8;949,2;BADAJOZ;6,7;9,2;13,7;9,8;5,8;2,2
42;655;16;2019-02-12;Varias;04;22:40;15:40;06:50;4386B;LLERENA;0,0;952,7;950,9;BADAJOZ;10,3;8,2;17,2;10,8;4,5;3,3
43;655;17;2019-02-13;10;16;01:40;15:00;07:20;4386B;LLERENA;0,0;952,3;950,0;BADAJOZ;10,8;10,2;16,2;11,0;5,9;3,3
44;655;12;2019-02-14;11;Varias;Varias;14:00;06:40;4386B;LLERENA;0,0;951,8;949,7;BADAJOZ;8,6;10,3;17,6;10,4;3,3;3,3
45;655;13;2019-02-15;00;17;09:10;15:10;05:10;4386B;LLERENA;0,0;950,2;946,4;BADAJOZ;8,3;9,8;17,2;10,3;3,4;3,6
46;655;17;2019-02-16;11;Varias;23:59;15:00;04:40;4386B;LLERENA;0,0;947,4;945,0;BADAJOZ;13,3;9,2;17,2;12,0;6,8;3,6
47;655;16;2019-02-17;00;24;01:40;14:20;07:30;4386B;LLERENA;0,0;946,1;942,0;BADAJOZ;14,7;9,9;16,5;10,6;4,8;3,6
48;655;15;2019-02-18;24;06;11:40;14:40;05:50;4386B;LLERENA;0,0;942,9;939,7;BADAJOZ;10,0;2,1;14,8;10,0;5,1;3,6
49;655;16;2019-02-19;22;Varias;15:30;13:50;08:00;4386B;LLERENA;0,8;944,9;942,5;BADAJOZ;7,8;3,7;14,5;11,2;7,8;1,9
50;655;17;2019-02-20;22;Varias;23:40;15:00;04:00;4386B;LLERENA;0,0;947,8;944,1;BADAJOZ;6,4;7,6;16,0;10,6;5,3;1,7
51;655;14;2019-02-21;23;05;23:30;15:10;03:30;4386B;LLERENA;0,0;952,8;947,3;BADAJOZ;11,7;9,9;18,0;11,8;5,6;5,0
52;655;16;2019-02-22;22;06;11:10;14:50;05:40;4386B;LLERENA;0,0;953,9;952,0;BADAJOZ;10,8;10,1;19,6;12,6;5,6;4,7
53;655;33;2019-02-23;10;24;15:30;15:00;07:20;4386B;LLERENA;0,0;954,3;951,2;BADAJOZ;6,7;9,3;19,2;13,9;8,6;1,9
54;655;17;2019-02-24;23;05;22:00;15:40;04:30;4386B;LLERENA;0,0;953,9;949,8;BADAJOZ;12,2;10,3;20,4;13,6;6,7;3,3
55;655;16;2019-02-25;11;Varias;02:00;14:10;07:10;4386B;LLERENA;0,0;954,2;951,3;BADAJOZ;13,1;10,5;19,1;13,2;7,2;3,3
56;655;14;2019-02-26;Varias;15;21:10;15:10;03:30;4386B;LLERENA;0,0;951,4;949,4;BADAJOZ;15,8;10,6;20,4;13,7;7,0;4,7
57;655;16;2019-02-27;24;06;04:10;15:00;23:59;4386B;LLERENA;0,0;952,7;949,7;BADAJOZ;15,0;9,7;20,5;14,6;8,8;4,4
58;655;34;2019-02-28;Varias;24;16:30;14:20;07:20;4386B;LLERENA;0,0;952,9;949,8;BADAJOZ;7,2;9,1;19,4;13,3;7,2;1,7
59;655;33;2019-03-01;00;Varias;16:10;14:50;05:40;4386B;LLERENA;0,0;949,8;947,4;BADAJOZ;7,2;8,5;19,8;13,5;7,2;2,5
60;655;30;2019-03-02;Varias;05;04:00;16:00;07:00;4386B;LLERENA;0,0;950,5;948,4;BADAJOZ;6,7;10,1;19,2;13,2;7,1;1,7
61;655;20;2019-03-03;09;17;15:10;14:50;07:30;4386B;LLERENA;0,0;949,5;946,0;BADAJOZ;8,6;10,6;22,2;15,3;8,4;2,8
62;655;25;2019-03-04;Varias;17;15:40;15:40;05:50;4386B;LLERENA;0,0;947,0;944,4;BADAJOZ;9,7;3,0;16,5;11,6;6,6;4,2
63;655;21;2019-03-05;00;24;23:30;13:00;05:00;4386B;LLERENA;0,8;944,7;936,7;BADAJOZ;11,9;3,2;16,5;12,4;8,4;5,0
64;655;28;2019-03-06;23;07;13:40;12:00;23:59;4386B;LLERENA;9,4;941,7;932,3;BADAJOZ;17,8;4,0;12,9;9,0;5,1;8,1
65;655;20;2019-03-07;09;16;15:50;14:50;04:40;4386B;LLERENA;4,0;943,9;940,2;BADAJOZ;9,2;5,5;12,9;8,3;3,7;3,6
66;655;19;2019-03-08;24;01;00:30;16:00;07:00;4386B;LLERENA;0,0;951,8;941,6;BADAJOZ;8,3;4,7;14,0;9,6;5,2;2,8
67;655;10;2019-03-09;10;03;10:20;14:50;05:30;4386B;LLERENA;0,0;955,3;951,6;BADAJOZ;5,8;11,1;18,1;12,2;6,4;2,2
68;655;33;2019-03-10;10;17;16:00;15:20;06:20;4386B;LLERENA;0,0;954,9;952,0;BADAJOZ;6,4;11,2;21,4;14,9;8,4;1,9
69;655;34;2019-03-11;22;04;14:50;15:10;07:00;4386B;LLERENA;0,0;952,9;951,1;BADAJOZ;6,7;11,2;21,8;15,4;9,1;2,2
70;655;99;2019-03-12;00;17;Varias;13:00;23:59;4386B;LLERENA;0,0;952,3;949,3;BADAJOZ;10,3;11,3;22,4;15,4;8,5;5,0
71;655;34;2019-03-13;24;04;12:00;15:50;04:40;4386B;LLERENA;0,0;952,0;948,8;BADAJOZ;11,4;9,3;15,7;11,0;6,2;4,2
72;655;08;2019-03-14;10;18;11:10;14:50;06:50;4386B;LLERENA;0,0;953,1;950,4;BADAJOZ;8,9;11,4;18,1;11,4;4,6;3,6
73;655;10;2019-03-15;00;Varias;11:20;16:00;04:10;4386B;LLERENA;0,0;951,1;947,6;BADAJOZ;6,7;11,5;23,1;15,0;6,9;2,5
74;655;19;2019-03-16;00;17;10:00;14:00;05:10;4386B;LLERENA;0,0;947,9;943,4;BADAJOZ;9,4;11,4;24,0;17,8;11,5;3,9
75;655;30;2019-03-17;10;04;14:00;12:50;06:40;4386B;LLERENA;0,0;945,7;943,1;BADAJOZ;11,1;11,4;18,8;13,4;8,1;5,3
76;655;08;2019-03-18;Varias;04;11:00;15:50;06:50;4386B;LLERENA;0,0;947,1;943,2;BADAJOZ;9,7;9,8;18,1;12,4;6,7;3,3
77;655;08;2019-03-19;Varias;Varias;10:00;14:30;04:40;4386B;LLERENA;0,0;948,5;945,9;BADAJOZ;11,1;11,5;16,7;11,2;5,8;3,9
78;655;09;2019-03-20;10;16;09:30;15:30;06:40;4386B;LLERENA;0,0;949,3;946,5;BADAJOZ;11,1;11,7;15,5;9,8;4,0;3,9
79;655;08;2019-03-21;09;16;12:00;14:20;04:20;4386B;LLERENA;0,0;949,3;946,6;BADAJOZ;10,3;11,6;16,2;10,7;5,2;4,4
80;655;09;2019-03-22;09;17;15:00;14:20;06:20;4386B;LLERENA;0,0;948,8;946,0;BADAJOZ;11,9;11,4;17,5;11,0;4,5;3,9
81;655;10;2019-03-23;01;16;11:10;15:10;05:10;4386B;LLERENA;0,0;947,6;943,1;BADAJOZ;14,4;11,2;19,2;12,2;5,2;5,6
82;655;10;2019-03-24;Varias;17;12:40;15:40;06:00;4386B;LLERENA;0,0;945,0;942,9;BADAJOZ;12,5;9,7;20,0;12,6;5,2;4,4
83;655;09;2019-03-25;00;17;14:20;15:00;06:20;4386B;LLERENA;0,0;944,1;938,8;BADAJOZ;11,4;11,3;21,3;14,6;7,9;4,4
84;655;11;2019-03-26;24;15;12:20;16:30;03:20;4386B;LLERENA;0,0;940,8;936,9;BADAJOZ;10,3;9,8;23,0;15,0;6,9;4,2
85;655;06;2019-03-27;24;00;13:20;15:10;04:40;4386B;LLERENA;0,0;946,8;940,8;BADAJOZ;13,3;11,6;19,2;12,6;5,9;5,6
86;655;09;2019-03-28;08;17;11:30;15:10;05:50;4386B;LLERENA;0,0;948,3;945,4;BADAJOZ;11,9;11,6;18,2;11,2;4,3;4,2
87;655;17;2019-03-29;09;Varias;23:59;16:00;05:00;4386B;LLERENA;0,0;946,0;943,2;BADAJOZ;12,2;11,5;20,1;12,4;4,7;3,6
88;655;17;2019-03-30;00;17;00:20;16:50;06:40;4386B;LLERENA;0,0;943,4;937,9;BADAJOZ;13,3;9,5;20,2;13,2;6,3;3,3
89;655;22;2019-03-31;00;15;13:40;13:00;06:50;4386B;LLERENA;1,0;938,9;934,7;BADAJOZ;7,2;3,9;19,7;14,0;8,2;1,7
90;655;20;2019-04-01;24;Varias;02:30;14:00;22:00;4386B;LLERENA;1,2;940,8;936,0;BADAJOZ;9,7;4,3;18,4;13,6;8,9;4,7
91;655;35;2019-04-02;10;Varias;16:00;15:10;06:40;4386B;LLERENA;0,0;941,8;938,8;BADAJOZ;8,3;10,8;20,5;13,8;7,1;1,9
92;655;30;2019-04-03;00;18;13:40;13:40;23:59;4386B;LLERENA;0,0;938,8;930,4;BADAJOZ;11,7;11,8;17,9;11,9;5,9;5,0
93;655;26;2019-04-04;10;18;22:40;15:30;06:00;4386B;LLERENA;3,8;930,9;927,6;BADAJOZ;10,8;11,9;16,2;9,2;2,3;4,2
94;655;29;2019-04-05;24;05;17:10;16:00;23:00;4386B;LLERENA;3,4;931,5;925,3;BADAJOZ;15,6;3,5;10,8;7,4;3,9;5,6
95;655;32;2019-04-06;24;02;15:50;14:00;15:50;4386B;LLERENA;3,0;935,7;930,9;BADAJOZ;16,1;5,2;13,5;8,9;4,3;6,4
96;655;24;2019-04-07;23;01;01:50;16:00;00:40;4386B;LLERENA;4,8;940,2;935,5;BADAJOZ;10,6;0,1;11,5;8,8;6,1;5,3
97;655;29;2019-04-08;Varias;15;14:50;14:30;23:59;4386B;LLERENA;4,0;941,1;938,6;BADAJOZ;12,8;3,9;16,2;11,2;6,3;5,3
98;655;28;2019-04-09;24;16;16:00;14:00;00:50;4386B;LLERENA;2,0;942,3;940,1;BADAJOZ;13,6;4,4;14,2;10,2;6,1;5,6
99;655;31;2019-04-10;Varias;16;14:20;14:30;05:50;4386B;LLERENA;0,0;942,7;940,3;BADAJOZ;12,5;6,7;15,6;10,4;5,1;5,6
100;655;34;2019-04-11;11;Varias;13:40;15:10;06:10;4386B;LLERENA;0,0;943,7;942,0;BADAJOZ;7,8;11,3;18,1;11,4;4,6;2,2
101;655;33;2019-04-12;24;18;14:40;14:50;04:50;4386B;LLERENA;0,0;943,6;941,5;BADAJOZ;6,7;12,2;20,0;13,2;6,4;1,7
102;655;31;2019-04-13;23;03;15:20;14:40;05:10;4386B;LLERENA;0,0;944,9;942,9;BADAJOZ;8,1;11,9;22,4;15,6;8,9;2,5
103;655;20;2019-04-14;00;24;21:30;13:50;04:20;4386B;LLERENA;0,0;944,5;940,0;BADAJOZ;7,8;5,6;24,0;17,4;10,7;1,4
104;655;28;2019-04-15;24;05;15:10;13:50;23:59;4386B;LLERENA;0,0;943,3;936,7;BADAJOZ;12,8;9,2;22,1;16,0;9,8;6,1
105;655;15;2019-04-16;Varias;24;18:10;15:00;05:40;4386B;LLERENA;0,0;943,4;937,3;BADAJOZ;10,3;12,2;23,2;15,0;6,7;4,2
106;655;21;2019-04-17;24;05;13:40;12:50;22:50;4386B;LLERENA;0,2;938,2;934,2;BADAJOZ;14,7;2,8;19,3;14,2;9,1;6,4
107;655;22;2019-04-18;21;05;16:40;12:50;23:50;4386B;LLERENA;2,0;938,8;936,3;BADAJOZ;10,0;0,8;16,7;12,2;7,8;3,9
108;655;09;2019-04-19;23;04;16:20;14:50;23:59;4386B;LLERENA;12,0;940,9;937,6;BADAJOZ;12,2;3,4;18,1;12,8;7,6;3,1
109;655;07;2019-04-20;00;12;13:20;12:30;02:30;4386B;LLERENA;0,8;940,3;937,8;BADAJOZ;17,8;0,5;12,3;9,4;6,4;6,7
110;655;06;2019-04-21;00;24;09:30;15:30;05:30;4386B;LLERENA;0,0;938,1;932,5;BADAJOZ;10,6;5,1;15,6;10,8;5,9;3,1
111;655;26;2019-04-22;00;24;14:30;15:00;03:00;4386B;LLERENA;4,4;932,5;925,4;BADAJOZ;12,2;8,6;20,6;14,4;8,1;4,4
112;655;27;2019-04-23;23;02;11:40;13:30;20:00;4386B;LLERENA;0,8;931,6;923,9;BADAJOZ;18,1;6,0;11,9;8,2;4,6;6,1
113;655;99;2019-04-24;24;05;Varias;16:00;00:30;4386B;LLERENA;13,6;935,2;929,9;BADAJOZ;16,7;0,0;12,2;8,7;5,2;8,6
114;655;30;2019-04-25;24;02;14:30;14:40;23:59;4386B;LLERENA;0,2;946,4;935,0;BADAJOZ;13,6;5,3;14,5;10,7;6,9;6,4
115;655;32;2019-04-26;22;Varias;16:20;16:00;05:40;4386B;LLERENA;0,0;949,9;946,1;BADAJOZ;8,9;9,1;17,1;11,0;4,9;3,3
116;655;08;2019-04-27;10;Varias;14:10;15:10;Varias;4386B;LLERENA;0,0;949,6;946,8;BADAJOZ;11,1;13,1;22,5;15,1;7,7;3,6
117;655;10;2019-04-28;00;18;14:50;15:30;05:10;4386B;LLERENA;0,0;947,1;942,2;BADAJOZ;7,2;12,4;25,9;18,8;11,6;2,2
118;655;26;2019-04-29;00;19;13:40;15:20;04:50;4386B;LLERENA;0,0;943,0;940,2;BADAJOZ;7,5;12,1;27,4;20,8;14,2;2,2
119;655;32;2019-04-30;00;18;16:40;14:00;04:00;4386B;LLERENA;0,0;941,6;938,5;BADAJOZ;7,5;11,6;28,1;21,5;14,9;1,9
120;655;27;2019-05-01;00;Varias;20:20;14:00;04:20;4386B;LLERENA;0,8;938,9;935,4;BADAJOZ;9,2;7,4;28,6;22,0;15,4;1,4
121;655;17;2019-05-02;10;16;07:50;14:10;02:10;4386B;LLERENA;0,0;936,9;934,6;BADAJOZ;8,9;11,5;27,6;21,0;14,5;3,9
122;655;30;2019-05-03;23;17;12:20;14:20;04:50;4386B;LLERENA;0,0;936,7;934,0;BADAJOZ;13,1;11,8;26,6;20,2;13,8;4,7
123;655;19;2019-05-04;Varias;Varias;19:50;15:00;05:20;4386B;LLERENA;0,0;939,7;936,5;BADAJOZ;9,2;11,8;25,2;18,2;11,3;3,3
124;655;28;2019-05-05;24;04;17:50;15:40;05:40;4386B;LLERENA;0,0;943,0;939,1;BADAJOZ;8,9;12,2;25,9;19,7;13,5;4,4
125;655;21;2019-05-06;21;02;13:30;15:50;06:10;4386B;LLERENA;0,0;944,7;942,4;BADAJOZ;8,6;9,4;25,0;17,2;9,3;3,6
126;655;33;2019-05-07;00;Varias;17:10;14:10;05:10;4386B;LLERENA;0,0;944,2;941,3;BADAJOZ;9,4;10,9;25,7;17,6;9,5;3,1
127;655;24;2019-05-08;00;16;13:30;13:50;05:00;4386B;LLERENA;0,4;942,1;940,4;BADAJOZ;13,3;2,6;22,8;17,8;12,8;6,4
128;655;27;2019-05-09;09;04;16:10;13:00;23:30;4386B;LLERENA;0,0;942,1;940,5;BADAJOZ;9,4;2,3;22,7;18,0;13,4;3,9
129;655;33;2019-05-10;23;05;17:10;15:20;05:00;4386B;LLERENA;0,0;944,1;941,2;BADAJOZ;9,2;11,3;26,6;19,4;12,1;2,5
130;655;03;2019-05-11;Varias;03;16:30;14:50;05:30;4386B;LLERENA;0,0;945,4;943,4;BADAJOZ;7,8;13,5;28,8;20,0;11,3;2,5
131;655;10;2019-05-12;09;18;11:10;14:50;05:00;4386B;LLERENA;0,0;946,5;943,4;BADAJOZ;9,4;13,5;31,3;23,0;14,6;4,2
132;655;12;2019-05-13;00;Varias;11:50;15:30;05:30;4386B;LLERENA;0,0;944,0;940,3;BADAJOZ;8,6;13,6;33,0;24,4;15,7;3,3
133;655;16;2019-05-14;10;18;06:20;15:50;03:00;4386B;LLERENA;0,0;941,5;939,2;BADAJOZ;15,8;13,5;32,6;25,3;18,0;5,8
134;655;33;2019-05-15;00;18;16:40;14:20;05:20;4386B;LLERENA;0,0;939,7;936,8;BADAJOZ;9,7;13,6;33,2;25,4;17,5;3,9
135;655;30;2019-05-16;24;16;21:50;14:20;23:59;4386B;LLERENA;0,0;937,6;934,6;BADAJOZ;14,4;13,1;28,3;19,0;9,7;6,1
136;655;34;2019-05-17;11;01;08:50;15:20;05:20;4386B;LLERENA;0,0;939,2;937,1;BADAJOZ;14,2;8,2;19,2;12,6;6,1;7,2
137;655;29;2019-05-18;22;03;14:30;14:50;05:00;4386B;LLERENA;0,0;939,4;936,6;BADAJOZ;14,2;12,7;19,7;12,8;6,0;6,9
138;655;31;2019-05-19;Varias;18;13:10;14:50;05:30;4386B;LLERENA;0,0;938,8;936,8;BADAJOZ;11,4;11,3;22,5;14,9;7,3;5,6
139;655;28;2019-05-20;23;04;17:20;15:50;05:20;4386B;LLERENA;0,0;939,6;937,0;BADAJOZ;11,4;12,2;25,9;17,3;8,7;3,3
140;655;30;2019-05-21;Varias;03;14:00;14:50;04:30;4386B;LLERENA;0,0;941,3;939,1;BADAJOZ;7,2;11,8;26,5;18,2;10,0;2,8
141;655;99;2019-05-22;24;04;Varias;13:50;05:00;4386B;LLERENA;0,0;943,1;940,9;BADAJOZ;8,3;12,1;29,6;21,2;12,8;2,8
142;655;31;2019-05-23;09;18;17:10;14:30;05:00;4386B;LLERENA;0,0;943,5;940,6;BADAJOZ;10,3;11,2;30,4;22,5;14,6;3,6
143;655;34;2019-05-24;00;18;Varias;15:50;05:40;4386B;LLERENA;0,0;941,5;937,2;BADAJOZ;9,4;11,4;27,2;18,9;10,6;4,4
144;655;06;2019-05-25;22;Varias;18:00;16:40;04:40;4386B;LLERENA;0,0;943,1;939,7;BADAJOZ;9,2;13,9;26,3;19,9;13,5;4,2
145;655;34;2019-05-26;08;18;16:40;15:20;05:30;4386B;LLERENA;0,0;943,4;940,2;BADAJOZ;9,7;13,9;29,3;21,8;14,3;2,5
146;655;31;2019-05-27;00;17;13:30;13:10;05:30;4386B;LLERENA;0,0;940,7;937,0;BADAJOZ;11,1;13,5;32,6;24,8;16,9;4,2
147;655;34;2019-05-28;24;03;16:10;14:30;05:20;4386B;LLERENA;0,0;941,7;937,7;BADAJOZ;10,0;13,8;31,8;23,6;15,5;2,2
148;655;08;2019-05-29;23;00;08:40;14:50;05:10;4386B;LLERENA;0,0;946,0;941,5;BADAJOZ;11,9;13,9;29,0;22,4;15,9;6,1
149;655;06;2019-05-30;09;18;14:40;14:00;04:50;4386B;LLERENA;0,0;947,0;944,3;BADAJOZ;11,4;14,0;32,0;23,7;15,4;4,2
150;655;17;2019-05-31;08;18;01:40;15:20;03:10;4386B;LLERENA;0,0;946,4;943,0;BADAJOZ;13,9;13,9;32,7;25,6;18,5;3,9
151;655;19;2019-06-01;08;18;01:20;15:00;05:00;4386B;LLERENA;0,0;945,2;941,8;BADAJOZ;11,4;14,0;33,5;25,4;17,3;3,1
152;655;19;2019-06-02;09;18;00:50;14:40;02:50;4386B;LLERENA;0,0;944,1;941,1;BADAJOZ;9,2;12,9;34,8;26,8;18,7;2,8
153;655;19;2019-06-03;00;18;14:30;14:40;05:30;4386B;LLERENA;0,0;943,2;939,7;BADAJOZ;12,5;13,7;35,2;26,8;18,5;3,9
154;655;32;2019-06-04;00;18;18:20;13:50;23:59;4386B;LLERENA;0,0;940,5;936,3;BADAJOZ;12,2;12,6;28,5;20,3;12,1;5,0
155;655;99;2019-06-05;11;03;Varias;13:30;05:00;4386B;LLERENA;0,0;941,5;938,4;BADAJOZ;12,5;13,3;21,3;15,0;8,6;6,1
156;655;28;2019-06-06;00;18;17:00;16:00;04:50;4386B;LLERENA;0,2;940,9;935,7;BADAJOZ;11,4;13,9;25,5;16,5;7,5;4,4
157;655;30;2019-06-07;23;00;01:50;16:40;05:30;4386B;LLERENA;0,0;944,5;938,3;BADAJOZ;11,4;13,3;22,4;15,4;8,4;3,9
158;655;21;2019-06-08;00;17;Varias;15:40;05:00;4386B;LLERENA;0,0;944,3;940,8;BADAJOZ;9,7;12,6;30,5;20,2;9,8;2,5
159;655;31;2019-06-09;08;17;17:40;15:30;03:40;4386B;LLERENA;0,0;944,0;941,8;BADAJOZ;10,8;14,1;27,3;19,4;11,6;4,7
160;655;32;2019-06-10;00;18;14:40;14:40;05:20;4386B;LLERENA;0,0;943,9;939,6;BADAJOZ;9,7;14,1;26,0;18,0;9,9;4,2
161;655;32;2019-06-11;00;17;13:10;14:30;05:10;4386B;LLERENA;0,0;940,1;936,8;BADAJOZ;12,5;14,2;25,0;17,2;9,4;4,4
162;655;28;2019-06-12;09;17;17:30;16:40;05:20;4386B;LLERENA;0,0;938,3;934,5;BADAJOZ;9,2;14,2;29,3;20,4;11,5;3,3
163;655;21;2019-06-13;24;16;15:10;16:10;05:00;4386B;LLERENA;0,0;938,0;934,2;BADAJOZ;11,4;13,0;28,4;19,4;10,3;3,9
164;655;28;2019-06-14;23;04;12:20;14:00;05:10;4386B;LLERENA;0,0;944,3;937,6;BADAJOZ;12,8;13,9;21,5;15,2;8,9;4,4
165;655;99;2019-06-15;12;17;13:30;16:10;04:40;4386B;LLERENA;0,0;945,3;942,9;BADAJOZ;6,4;14,2;26,0;17,7;9,4;1,4
166;655;20;2019-06-16;22;Varias;Varias;15:30;05:10;4386B;LLERENA;0,0;943,5;941,9;BADAJOZ;10,3;10,1;29,8;21,2;12,7;3,9
167;655;20;2019-06-17;Varias;17;Varias;14:40;05:10;4386B;LLERENA;0,0;943,1;939,8;BADAJOZ;10,8;14,0;29,6;22,4;15,1;5,0
168;655;19;2019-06-18;22;03;03:10;13:40;23:59;4386B;LLERENA;0,0;941,9;939,3;BADAJOZ;10,8;12,9;28,2;22,4;16,5;5,8
169;655;34;2019-06-19;11;17;14:40;16:00;05:30;4386B;LLERENA;0,0;942,8;940,1;BADAJOZ;9,4;9,7;27,9;20,6;13,3;3,1
170;655;;2019-06-20;00;17;;15:20;04:00;4386B;LLERENA;0,0;941,3;938,8;BADAJOZ;;9,3;28,7;21,1;13,5;3,1
171;655;32;2019-06-21;Varias;17;14:10;16:20;05:10;4386B;LLERENA;0,0;942,1;940,2;BADAJOZ;10,0;13,1;28,7;19,2;9,6;3,3
172;655;23;2019-06-22;Varias;Varias;16:10;16:00;04:40;4386B;LLERENA;0,0;941,1;938,2;BADAJOZ;9,7;13,8;32,5;24,4;16,4;2,5
173;655;;2019-06-23;Varias;17;;14:50;05:10;4386B;LLERENA;0,0;939,9;937,3;BADAJOZ;;11,7;32,8;24,3;15,8;2,5
174;655;;2019-06-24;23;05;;15:00;23:59;4386B;LLERENA;0,0;941,4;938,8;BADAJOZ;;6,7;31,6;24,6;17,6;
175;655;;2019-06-25;Varias;17;;15:30;04:10;4386B;LLERENA;0,0;941,6;939,6;BADAJOZ;;;32,0;23,4;14,7;
176;655;;2019-06-26;09;17;;15:00;05:30;4386B;LLERENA;0,0;942,9;940,6;BADAJOZ;;13,4;30,3;24,0;17,7;
177;655;22;2019-06-27;23;Varias;00:40;15:40;05:30;4386B;LLERENA;0,0;943,5;941,2;BADAJOZ;9,4;13,8;31,7;24,0;16,4;3,6
178;655;21;2019-06-28;00;Varias;14:00;14:40;05:00;4386B;LLERENA;0,0;943,3;939,4;BADAJOZ;10,6;13,7;36,6;26,7;16,8;1,9
179;655;20;2019-06-29;23;17;13:30;13:50;04:50;4386B;LLERENA;0,0;942,0;939,5;BADAJOZ;9,7;13,8;38,2;29,1;20,0;3,3
180;655;20;2019-06-30;23;03;02:10;15:20;05:50;4386B;LLERENA;0,0;944,3;941,4;BADAJOZ;11,4;13,5;34,7;27,7;20,7;3,9
181;655;27;2019-07-01;01;17;16:20;13:50;05:00;4386B;LLERENA;0,0;944,3;940,9;BADAJOZ;9,2;13,0;34,2;26,0;17,9;3,1
182;655;19;2019-07-02;00;Varias;16:50;14:40;05:00;4386B;LLERENA;0,0;942,3;938,6;BADAJOZ;10,6;14,1;33,5;24,4;15,4;3,1
183;655;21;2019-07-03;24;17;10:00;13:50;04:00;4386B;LLERENA;0,0;940,0;938,0;BADAJOZ;11,4;13,6;30,0;23,2;16,5;5,0
184;655;16;2019-07-04;24;02;16:00;15:30;04:20;4386B;LLERENA;0,0;942,9;939,4;BADAJOZ;10,8;10,5;28,6;21,7;14,8;5,0
185;655;22;2019-07-05;10;18;15:50;15:00;05:20;4386B;LLERENA;0,0;943,5;940,8;BADAJOZ;10,6;14,0;32,2;22,6;12,9;3,1
186;655;20;2019-07-06;00;18;15:40;14:20;05:20;4386B;LLERENA;0,0;942,9;938,7;BADAJOZ;10,3;14,0;33,9;24,4;14,8;3,3
187;655;27;2019-07-07;00;17;17:40;15:30;05:30;4386B;LLERENA;0,0;941,8;937,3;BADAJOZ;10,6;13,8;32,6;23,7;14,8;3,9
188;655;28;2019-07-08;23;17;14:30;16:00;05:00;4386B;LLERENA;0,0;941,2;938,7;BADAJOZ;10,8;8,3;27,1;20,4;13,8;4,7
189;655;;2019-07-09;08;17;;16:00;05:00;4386B;LLERENA;0,0;941,8;939,5;BADAJOZ;;12,8;29,9;22,0;14,1;
190;655;;2019-07-10;00;17;;14:20;05:20;4386B;LLERENA;0,0;940,6;938,3;BADAJOZ;;12,7;34,5;26,7;18,9;2,5
191;655;21;2019-07-11;Varias;17;15:40;14:50;05:10;4386B;LLERENA;0,0;941,2;938,7;BADAJOZ;10,3;13,3;39,0;29,6;20,2;4,7
192;655;20;2019-07-12;22;19;23:59;13:40;04:30;4386B;LLERENA;0,0;942,4;939,6;BADAJOZ;12,5;2,3;36,5;28,5;20,5;3,1
193;655;24;2019-07-13;09;17;16:00;15:10;05:50;4386B;LLERENA;0,0;942,5;939,6;BADAJOZ;14,4;12,6;30,7;24,0;17,4;5,0
194;655;99;2019-07-14;09;Varias;15:50;15:50;05:30;4386B;LLERENA;0,0;941,6;939,6;BADAJOZ;7,8;13,7;33,6;24,8;16,1;3,3
195;655;19;2019-07-15;00;17;14:50;14:30;04:20;4386B;LLERENA;0,0;940,8;938,5;BADAJOZ;8,9;12,2;37,2;28,0;18,9;3,1
196;655;19;2019-07-16;Varias;Varias;15:10;14:30;04:40;4386B;LLERENA;0,0;940,4;938,5;BADAJOZ;10,8;13,5;34,9;26,8;18,6;4,2
197;655;28;2019-07-17;Varias;04;16:00;15:40;05:30;4386B;LLERENA;0,0;941,7;939,4;BADAJOZ;8,9;12,3;32,1;24,8;17,4;1,9
198;655;31;2019-07-18;00;17;17:40;15:20;04:00;4386B;LLERENA;0,0;941,7;938,7;BADAJOZ;7,5;13,7;36,5;27,4;18,2;2,2
199;655;20;2019-07-19;10;18;09:10;15:50;05:40;4386B;LLERENA;0,0;940,5;937,4;BADAJOZ;9,2;13,6;38,3;30,1;21,9;2,8
200;655;34;2019-07-20;Varias;00;15:50;15:40;05:30;4386B;LLERENA;0,0;942,9;939,2;BADAJOZ;8,6;12,7;37,6;30,6;23,5;3,3
201;655;;2019-07-21;24;16;;15:30;03:50;4386B;LLERENA;0,0;944,3;941,8;BADAJOZ;;10,9;38,8;30,6;22,3;2,2
202;655;;2019-07-22;00;18;;13:50;05:50;4386B;LLERENA;0,0;944,4;941,1;BADAJOZ;;12,5;38,3;31,0;23,8;
203;655;;2019-07-23;00;17;;15:40;06:10;4386B;LLERENA;0,0;942,6;939,9;BADAJOZ;;11,2;37,1;30,2;23,2;
204;655;;2019-07-24;00;18;;15:30;03:20;4386B;LLERENA;0,0;942,4;938,6;BADAJOZ;;13,2;37,1;29,9;22,7;
205;655;;2019-07-25;09;16;;14:40;05:20;4386B;LLERENA;0,0;941,2;939,0;BADAJOZ;;13,2;36,9;28,8;20,6;
206;655;;2019-07-26;11;18;;14:40;05:50;4386B;LLERENA;0,0;941,4;939,3;BADAJOZ;;12,0;29,1;22,6;16,2;
207;655;;2019-07-27;00;Varias;;14:00;05:40;4386B;LLERENA;0,0;939,9;936,8;BADAJOZ;;5,9;26,2;19,6;13,1;
208;655;;2019-07-28;23;17;;14:30;04:00;4386B;LLERENA;0,0;938,4;936,0;BADAJOZ;;10,8;31,3;23,1;14,9;
209;655;;2019-07-29;;;;;;4386B;LLERENA;0,0;;;BADAJOZ;;;;;;
210;655;;2019-07-30;;;;;;4386B;LLERENA;0,0;;;BADAJOZ;;;;;;
211;655;;2019-07-31;;;;;;4386B;LLERENA;0,0;;;BADAJOZ;;;;;;
212;655;;2019-08-01;;;;;;4386B;LLERENA;0,0;;;BADAJOZ;;;;;;
213;655;;2019-08-02;10;18;;14:30;05:30;4386B;LLERENA;0,0;941,8;939,7;BADAJOZ;;13,4;36,6;26,9;17,2;
214;655;;2019-08-03;24;18;;14:40;04:30;4386B;LLERENA;0,0;941,4;939,2;BADAJOZ;;13,4;36,1;27,8;19,6;
215;655;;2019-08-04;23;17;;15:40;04:40;4386B;LLERENA;0,0;942,5;940,0;BADAJOZ;;13,4;35,6;27,4;19,3;
216;655;;2019-08-05;00;16;;15:40;05:10;4386B;LLERENA;0,0;942,4;939,0;BADAJOZ;;13,4;37,6;27,8;17,9;
217;655;;2019-08-06;Varias;17;;14:40;05:40;4386B;LLERENA;0,0;941,4;938,1;BADAJOZ;;13,2;37,1;28,6;20,0;
218;655;;2019-08-07;13;03;;11:10;06:00;4386B;LLERENA;0,0;942,2;939,2;BADAJOZ;;5,7;29,0;23,6;18,3;
219;655;;2019-08-08;24;Varias;;15:50;05:50;4386B;LLERENA;0,0;942,4;939,6;BADAJOZ;;13,3;36,2;27,1;18,0;
220;655;;2019-08-09;24;Varias;;13:30;05:00;4386B;LLERENA;0,0;945,1;942,3;BADAJOZ;;13,0;33,8;25,8;17,9;
221;655;;2019-08-10;11;17;;16:40;06:00;4386B;LLERENA;0,0;945,8;941,9;BADAJOZ;;13,0;32,4;24,4;16,5;
222;655;;2019-08-11;11;03;;Varias;05:50;4386B;LLERENA;0,0;944,9;942,5;BADAJOZ;;13,0;28,0;20,9;13,8;
223;655;;2019-08-12;00;17;;15:20;05:50;4386B;LLERENA;0,0;944,5;941,9;BADAJOZ;;11,7;28,6;20,4;12,2;
224;655;;2019-08-13;Varias;Varias;;15:00;05:40;4386B;LLERENA;0,0;944,5;942,5;BADAJOZ;;13,1;33,4;24,8;16,3;
225;655;31;2019-08-14;Varias;18;14:30;14:50;05:20;4386B;LLERENA;0,0;945,6;943,3;BADAJOZ;7,5;13,1;35,4;27,0;18,7;1,7
226;655;34;2019-08-15;10;18;15:20;15:10;05:50;4386B;LLERENA;0,0;944,8;942,3;BADAJOZ;7,5;13,0;37,4;29,2;21,0;1,7
227;655;20;2019-08-16;Varias;Varias;15:10;14:30;05:40;4386B;LLERENA;0,0;943,9;941,3;BADAJOZ;10,3;12,8;38,6;30,4;22,2;3,6
228;655;29;2019-08-17;00;18;17:40;15:30;04:50;4386B;LLERENA;0,0;943,0;939,3;BADAJOZ;10,3;12,7;38,8;30,8;22,8;4,4
229;655;33;2019-08-18;23;04;17:20;15:30;05:00;4386B;LLERENA;0,0;942,5;939,8;BADAJOZ;9,7;12,7;35,3;28,1;20,9;3,6
230;655;26;2019-08-19;00;17;15:30;14:10;06:00;4386B;LLERENA;0,0;942,3;940,2;BADAJOZ;11,4;12,8;33,7;25,6;17,4;3,9
231;655;25;2019-08-20;11;04;02:50;16:10;07:00;4386B;LLERENA;0,0;943,4;941,0;BADAJOZ;5,6;11,5;33,1;23,9;14,7;1,7
232;655;19;2019-08-21;Varias;Varias;05:20;15:00;01:40;4386B;LLERENA;0,0;943,9;941,7;BADAJOZ;10,6;11,9;34,5;28,3;22,1;3,6
233;655;18;2019-08-22;10;17;23:00;15:10;05:50;4386B;LLERENA;0,0;944,7;941,8;BADAJOZ;11,4;10,3;34,6;28,0;21,5;3,9
234;655;17;2019-08-23;09;18;03:40;16:50;05:30;4386B;LLERENA;0,0;944,5;941,5;BADAJOZ;14,2;11,2;35,4;28,4;21,5;3,1
235;655;17;2019-08-24;11;18;02:50;15:40;06:30;4386B;LLERENA;0,0;944,1;941,1;BADAJOZ;10,0;12,1;36,3;29,0;21,6;1,9
236;655;;2019-08-25;Varias;18;;15:20;03:50;4386B;LLERENA;0,0;941,9;938,5;BADAJOZ;;11,3;34,5;28,0;21,5;5,3
237;655;29;2019-08-26;22;05;15:10;13:40;15:40;4386B;LLERENA;0,2;941,9;938,4;BADAJOZ;15,0;5,8;30,3;24,0;17,7;2,8
238;655;28;2019-08-27;24;04;16:30;14:50;06:00;4386B;LLERENA;0,0;943,8;940,8;BADAJOZ;8,6;10,6;30,7;24,2;17,8;3,6
239;655;99;2019-08-28;10;18;Varias;15:10;04:00;4386B;LLERENA;0,0;944,1;941,7;BADAJOZ;5,8;12,0;34,3;26,6;18,8;1,1
240;655;23;2019-08-29;23;Varias;15:00;13:30;06:20;4386B;LLERENA;0,0;945,5;943,4;BADAJOZ;8,9;11,5;35,5;27,7;19,9;2,5
241;655;21;2019-08-30;09;18;15:40;15:10;06:00;4386B;LLERENA;0,0;946,0;942,5;BADAJOZ;10,3;11,6;36,3;29,1;21,9;
242;655;17;2019-08-31;00;Varias;02:20;13:30;01:50;4386B;LLERENA;0,0;944,0;940,4;BADAJOZ;12,8;9,5;36,3;30,1;23,9;3,9
243;655;;2019-09-01;09;17;;14:50;05:00;4386B;LLERENA;0,0;941,9;938,9;BADAJOZ;;10,0;35,8;29,0;22,3;2,5
244;655;;2019-09-02;24;04;;13:20;05:00;4386B;LLERENA;0,0;944,0;940,2;BADAJOZ;;9,8;35,8;28,8;21,7;2,2
245;655;18;2019-09-03;Varias;02;16:30;14:30;04:50;4386B;LLERENA;0,0;946,2;943,8;BADAJOZ;11,4;8,8;35,7;28,1;20,5;1,9
246;655;33;2019-09-04;10;18;14:10;14:10;06:00;4386B;LLERENA;0,0;945,5;942,4;BADAJOZ;8,3;10,7;36,2;28,9;21,6;2,2
247;655;34;2019-09-05;10;16;14:10;15:10;06:40;4386B;LLERENA;0,0;942,8;940,5;BADAJOZ;7,5;9,0;36,3;29,1;21,9;1,7
248;655;20;2019-09-06;09;16;06:20;13:50;05:00;4386B;LLERENA;0,0;943,4;940,6;BADAJOZ;9,2;10,0;34,0;26,2;18,5;2,8
249;655;18;2019-09-07;10;18;07:40;12:40;04:40;4386B;LLERENA;0,2;942,4;940,6;BADAJOZ;10,8;5,8;31,5;25,4;19,3;4,2
250;655;17;2019-09-08;21;Varias;21:00;15:40;06:00;4386B;LLERENA;0,0;943,9;941,4;BADAJOZ;10,3;5,1;29,0;23,3;17,6;3,6
251;655;26;2019-09-09;10;Varias;15:30;13:50;23:59;4386B;LLERENA;0,0;944,6;941,9;BADAJOZ;14,2;11,2;30,5;23,5;16,5;5,8
252;655;32;2019-09-10;22;05;07:50;16:00;05:00;4386B;LLERENA;0,0;944,0;940,9;BADAJOZ;13,6;10,8;24,2;17,8;11,5;6,1
253;655;02;2019-09-11;24;Varias;09:20;16:00;05:30;4386B;LLERENA;0,0;947,4;943,8;BADAJOZ;12,8;10,7;26,2;19,6;12,9;3,9
254;655;07;2019-09-12;22;Varias;10:30;13:50;06:00;4386B;LLERENA;0,0;948,8;946,9;BADAJOZ;16,1;7,9;26,7;20,4;14,0;6,1
255;655;14;2019-09-13;00;16;18:20;16:30;19:20;4386B;LLERENA;2,2;947,8;944,6;BADAJOZ;16,1;5,3;22,9;19,0;15,1;5,8
256;655;12;2019-09-14;00;14;15:00;14:40;04:00;4386B;LLERENA;0,0;946,2;943,3;BADAJOZ;10,0;6,7;25,5;20,0;14,6;3,1
257;655;31;2019-09-15;10;15;14:40;14:30;05:00;4386B;LLERENA;0,0;945,0;942,9;BADAJOZ;7,8;7,1;28,1;21,7;15,3;2,2
258;655;20;2019-09-16;10;16;09:10;15:10;Varias;4386B;LLERENA;0,0;945,1;942,7;BADAJOZ;7,2;4,3;27,9;23,6;19,4;2,2
259;655;21;2019-09-17;00;18;14:50;13:20;06:00;4386B;LLERENA;0,0;943,3;939,9;BADAJOZ;10,3;10,3;30,4;23,6;16,8;4,2
260;655;20;2019-09-18;11;05;05:00;15:00;23:59;4386B;LLERENA;0,0;942,8;940,5;BADAJOZ;8,9;9,6;28,9;23,6;18,2;3,9
261;655;17;2019-09-19;09;Varias;19:40;14:40;04:50;4386B;LLERENA;0,0;943,0;940,5;BADAJOZ;8,6;10,9;29,9;22,7;15,5;3,1
262;655;22;2019-09-20;Varias;18;14:50;14:40;21:50;4386B;LLERENA;0,0;941,4;939,2;BADAJOZ;10,8;1,9;25,0;21,3;17,6;4,4
263;655;20;2019-09-21;10;05;23:30;16:40;07:00;4386B;LLERENA;4,6;940,3;938,3;BADAJOZ;11,7;0,5;20,8;18,4;16,1;6,7
264;655;19;2019-09-22;Varias;03;00:30;14:00;07:20;4386B;LLERENA;0,0;945,0;939,0;BADAJOZ;10,3;8,5;21,7;17,4;13,2;2,8
265;655;34;2019-09-23;10;00;15:00;14:40;06:00;4386B;LLERENA;0,0;947,0;944,4;BADAJOZ;4,4;11,1;26,6;19,2;11,7;1,1
266;655;33;2019-09-24;09;16;16:50;15:00;06:00;4386B;LLERENA;0,0;947,1;944,2;BADAJOZ;8,9;11,4;30,0;22,2;14,3;3,3
267;655;34;2019-09-25;10;16;13:30;15:40;06:40;4386B;LLERENA;0,0;945,3;943,4;BADAJOZ;8,3;11,2;25,5;19,0;12,4;3,6
268;655;31;2019-09-26;10;16;13:00;15:00;06:40;4386B;LLERENA;0,0;945,6;943,5;BADAJOZ;6,1;11,4;30,6;22,4;14,3;2,2
269;655;31;2019-09-27;10;Varias;14:50;14:10;06:30;4386B;LLERENA;0,0;945,8;944,0;BADAJOZ;8,6;11,3;30,3;23,3;16,3;2,2
270;655;21;2019-09-28;10;Varias;14:00;14:30;06:30;4386B;LLERENA;0,0;946,1;943,5;BADAJOZ;7,8;11,4;32,5;23,9;15,3;2,8
271;655;24;2019-09-29;10;Varias;13:10;15:30;05:50;4386B;LLERENA;0,0;945,4;942,9;BADAJOZ;8,1;11,2;33,1;25,8;18,5;1,7
272;655;20;2019-09-30;00;17;14:50;14:50;06:10;4386B;LLERENA;0,0;944,2;941,2;BADAJOZ;8,6;11,2;32,7;25,3;17,9;2,8
273;655;32;2019-10-01;24;03;14:00;12:40;06:40;4386B;LLERENA;0,0;944,2;940,5;BADAJOZ;11,1;11,2;25,4;20,0;14,6;5,0
274;655;34;2019-10-02;22;03;12:20;14:50;04:40;4386B;LLERENA;0,0;944,9;942,7;BADAJOZ;7,8;11,2;26,2;18,4;10,7;3,1
275;655;35;2019-10-03;Varias;04;14:30;14:00;06:20;4386B;LLERENA;0,0;946,0;944,0;BADAJOZ;8,6;11,1;27,6;20,8;14,1;2,5
276;655;26;2019-10-04;00;16;11:20;14:50;06:00;4386B;LLERENA;0,0;944,8;941,8;BADAJOZ;6,9;11,1;28,9;21,8;14,7;2,5
277;655;32;2019-10-05;24;05;14:50;13:40;06:30;4386B;LLERENA;0,0;944,4;941,6;BADAJOZ;8,3;9,7;29,7;21,5;13,3;1,9
278;655;33;2019-10-06;09;02;16:00;14:10;06:30;4386B;LLERENA;0,0;946,0;943,6;BADAJOZ;6,4;11,1;29,5;21,8;14,2;2,2
279;655;02;2019-10-07;10;16;13:20;15:20;06:40;4386B;LLERENA;0,0;945,2;943,3;BADAJOZ;4,2;11,1;31,5;24,2;17,0;1,4
280;655;20;2019-10-08;09;17;17:40;15:00;02:10;4386B;LLERENA;0,0;944,6;941,8;BADAJOZ;8,1;11,0;33,6;26,5;19,4;3,3
281;655;35;2019-10-09;Varias;03;14:40;12:50;05:50;4386B;LLERENA;0,0;943,8;941,6;BADAJOZ;7,8;10,8;31,5;24,0;16,6;1,7
282;655;16;2019-10-10;11;05;12:20;14:50;03:50;4386B;LLERENA;0,0;944,3;942,3;BADAJOZ;8,3;10,8;31,5;23,8;16,1;2,8
283;655;17;2019-10-11;11;19;08:00;11:20;02:50;4386B;LLERENA;0,0;944,9;942,3;BADAJOZ;13,9;5,5;28,0;22,6;17,1;5,6
284;655;15;2019-10-12;Varias;16;09:40;14:30;23:59;4386B;LLERENA;0,0;942,5;939,7;BADAJOZ;13,3;6,4;30,1;23,2;16,4;6,4
285;655;18;2019-10-13;09;24;04:30;15:00;06:40;4386B;LLERENA;6,4;941,9;937,9;BADAJOZ;11,1;10,2;26,5;20,4;14,3;4,2
286;655;25;2019-10-14;24;02;05:40;13:40;23:59;4386B;LLERENA;6,0;945,4;936,8;BADAJOZ;16,1;5,2;19,9;14,4;9,0;6,1
287;655;32;2019-10-15;10;Varias;00:10;15:30;06:50;4386B;LLERENA;0,0;947,6;945,4;BADAJOZ;7,2;10,0;17,3;12,0;6,8;1,7
288;655;32;2019-10-16;Varias;Varias;14:00;15:10;05:50;4386B;LLERENA;0,0;946,8;943,5;BADAJOZ;5,3;10,4;21,8;15,0;8,1;1,9
289;655;24;2019-10-17;Varias;03;13:20;13:30;05:00;4386B;LLERENA;0,0;945,8;943,7;BADAJOZ;6,4;4,9;22,1;16,3;10,5;2,8
290;655;26;2019-10-18;01;24;16:20;12:00;22:50;4386B;LLERENA;0,0;944,8;940,5;BADAJOZ;9,7;2,8;21,7;16,8;11,9;3,9
291;655;21;2019-10-19;00;18;17:00;13:50;23:59;4386B;LLERENA;20,4;940,5;931,6;BADAJOZ;14,2;1,6;19,0;14,8;10,5;5,0
292;655;29;2019-10-20;22;02;14:10;14:00;06:50;4386B;LLERENA;0,0;941,0;934,4;BADAJOZ;10,0;4,8;15,5;11,8;8,0;4,7
293;655;12;2019-10-21;10;24;19:40;15:00;07:00;4386B;LLERENA;1,8;942,2;939,8;BADAJOZ;7,2;6,6;17,0;11,7;6,4;1,4
294;655;36;2019-10-22;00;14;15:30;14:10;06:40;4386B;LLERENA;10,6;939,8;934,6;BADAJOZ;10,3;6,8;17,2;12,2;7,1;2,2
295;655;30;2019-10-23;24;06;13:30;16:50;03:00;4386B;LLERENA;0,8;940,8;934,3;BADAJOZ;10,8;0,1;11,3;9,2;7,1;4,7
296;655;29;2019-10-24;22;00;00:50;14:50;04:10;4386B;LLERENA;0,0;948,3;940,8;BADAJOZ;8,6;7,9;17,6;12,6;7,5;2,2
297;655;14;2019-10-25;00;Varias;11:40;13:50;01:30;4386B;LLERENA;0,0;948,0;945,2;BADAJOZ;7,5;10,4;24,9;18,0;11,2;3,3
298;655;20;2019-10-26;00;04;10:00;15:00;06:40;4386B;LLERENA;0,0;945,7;943,9;BADAJOZ;8,9;10,4;26,2;18,3;10,4;3,1
299;655;21;2019-10-27;10;05;Varias;14:00;05:50;4386B;LLERENA;0,0;945,6;943,5;BADAJOZ;8,6;8,9;24,0;19,1;14,2;4,2
300;655;21;2019-10-28;11;16;08:30;14:20;06:10;4386B;LLERENA;0,0;944,8;943,0;BADAJOZ;8,9;7,4;21,7;17,3;12,9;1,9
301;655;33;2019-10-29;23;Varias;13:30;14:50;06:00;4386B;LLERENA;0,0;947,0;942,9;BADAJOZ;5,8;7,5;22,4;18,1;13,8;1,1
302;655;29;2019-10-30;21;01;13:10;12:30;06:20;4386B;LLERENA;0,0;949,9;946,5;BADAJOZ;7,8;5,7;22,7;17,9;13,1;3,1
303;655;30;2019-10-31;Varias;04;11:20;13:40;07:20;4386B;LLERENA;0,6;951,1;948,9;BADAJOZ;9,2;3,0;23,6;19,7;15,8;3,3
304;655;28;2019-11-01;01;24;15:50;13:20;23:59;4386B;LLERENA;0,0;950,6;944,9;BADAJOZ;13,6;5,8;22,7;19,2;15,7;5,0
305;655;28;2019-11-02;00;24;16:10;13:40;23:59;4386B;LLERENA;0,4;944,9;936,2;BADAJOZ;15,0;3,9;20,7;16,9;13,1;6,7
306;655;29;2019-11-03;21;04;14:20;15:20;07:00;4386B;LLERENA;1,4;942,7;935,9;BADAJOZ;15,8;4,3;18,2;15,4;12,5;8,1
307;655;27;2019-11-04;00;18;12:10;14:20;23:59;4386B;LLERENA;4,4;942,4;937,7;BADAJOZ;14,2;2,4;16,8;14,0;11,1;6,9
308;655;30;2019-11-05;24;Varias;14:50;14:50;06:00;4386B;LLERENA;0,2;943,5;938,4;BADAJOZ;13,6;6,4;15,8;11,8;7,9;5,8
309;655;33;2019-11-06;10;24;11:50;13:40;Varias;4386B;LLERENA;2,0;943,6;941,0;BADAJOZ;11,1;6,2;15,7;11,0;6,2;4,7
310;655;31;2019-11-07;22;06;15:40;14:40;23:59;4386B;LLERENA;0,2;941,7;938,4;BADAJOZ;12,8;7,0;13,8;10,2;6,7;5,6
311;655;32;2019-11-08;23;01;14:10;14:40;06:50;4386B;LLERENA;0,0;947,6;940,6;BADAJOZ;10,8;9,8;12,5;8,8;5,1;5,0
312;655;23;2019-11-09;10;Varias;20:30;13:50;07:20;4386B;LLERENA;0,0;948,4;944,4;BADAJOZ;10,8;6,8;14,5;9,0;3,6;3,9
313;655;34;2019-11-10;11;04;12:40;12:40;07:00;4386B;LLERENA;1,4;945,5;943,4;BADAJOZ;15,3;4,8;12,4;9,6;6,7;6,7
314;655;31;2019-11-11;Varias;15;13:40;15:10;01:00;4386B;LLERENA;0,2;944,9;941,0;BADAJOZ;9,7;0,1;14,8;11,3;7,8;3,3
315;655;28;2019-11-12;09;24;22:50;14:50;07:00;4386B;LLERENA;0,4;942,6;939,5;BADAJOZ;11,4;9,6;14,0;10,0;6,0;4,7
316;655;27;2019-11-13;20;04;04:20;14:30;23:59;4386B;LLERENA;0,6;940,6;937,3;BADAJOZ;12,8;4,1;18,0;13,2;8,3;6,1
317;655;30;2019-11-14;00;15;14:50;13:20;23:59;4386B;LLERENA;1,4;939,3;932,0;BADAJOZ;18,9;2,4;9,9;7,2;4,6;8,3
318;655;99;2019-11-15;24;15;Varias;15:00;07:00;4386B;LLERENA;0,0;935,0;931,9;BADAJOZ;11,7;4,1;9,0;5,5;2,0;4,7
319;655;32;2019-11-16;21;Varias;15:10;15:00;05:50;4386B;LLERENA;0,8;943,0;935,0;BADAJOZ;8,6;9,6;10,8;5,6;0,5;2,8
320;655;26;2019-11-17;00;24;16:30;16:30;01:30;4386B;LLERENA;13,2;942,7;936,5;BADAJOZ;13,6;0,0;11,3;7,5;3,7;6,9
321;655;33;2019-11-18;22;00;00:50;14:50;07:30;4386B;LLERENA;0,0;942,9;936,4;BADAJOZ;11,9;9,1;11,7;7,8;3,9;2,2
322;655;21;2019-11-19;10;24;11:10;13:50;06:50;4386B;LLERENA;1,0;942,7;938,6;BADAJOZ;6,1;2,4;12,2;8,8;5,3;1,9
323;655;20;2019-11-20;00;14;08:00;20:00;09:30;4386B;LLERENA;6,6;938,6;932,9;BADAJOZ;12,2;0,2;8,2;7,0;5,7;6,7
324;655;19;2019-11-21;00;24;06:40;15:40;00:30;4386B;LLERENA;3,8;934,6;932,0;BADAJOZ;10,6;0,4;12,4;10,0;7,7;3,9
325;655;26;2019-11-22;00;15;15:10;15:20;23:20;4386B;LLERENA;23,6;932,0;920,4;BADAJOZ;22,5;1,1;13,8;11,4;8,9;7,8
326;655;29;2019-11-23;23;00;01:40;13:30;23:59;4386B;LLERENA;0,0;939,8;925,9;BADAJOZ;16,4;7,9;11,6;8,9;6,2;6,9
327;655;20;2019-11-24;11;02;23:50;15:30;06:50;4386B;LLERENA;1,0;943,3;939,3;BADAJOZ;11,4;6,3;12,7;8,7;4,7;3,9
328;655;23;2019-11-25;22;04;01:40;15:10;00:10;4386B;LLERENA;1,8;943,3;940,4;BADAJOZ;11,7;0,2;14,9;12,4;9,8;5,6
329;655;22;2019-11-26;00;16;14:40;14:20;01:40;4386B;LLERENA;3,0;943,2;937,9;BADAJOZ;13,3;1,3;14,9;12,8;10,6;6,4
330;655;27;2019-11-27;22;02;14:50;13:50;Varias;4386B;LLERENA;0,2;942,6;938,3;BADAJOZ;10,8;3,9;14,4;11,9;9,4;3,9
331;655;28;2019-11-28;22;01;12:30;14:10;00:20;4386B;LLERENA;0,0;944,9;941,9;BADAJOZ;7,2;2,6;14,9;12,4;9,8;2,2
332;655;22;2019-11-29;10;01;00:40;12:50;04:50;4386B;LLERENA;0,0;947,7;944,6;BADAJOZ;6,9;6,1;16,8;13,2;9,5;1,9
333;655;22;2019-11-30;00;24;18:10;10:50;23:59;4386B;LLERENA;1,4;947,2;941,6;BADAJOZ;9,2;3,4;14,0;11,6;9,1;3,9
334;655;21;2019-12-01;00;24;07:50;14:50;04:00;4386B;LLERENA;14,8;941,6;933,5;BADAJOZ;9,7;1,4;11,8;9,6;7,4;4,2
335;655;06;2019-12-02;22;Varias;13:00;13:00;06:00;4386B;LLERENA;0,2;938,4;933,1;BADAJOZ;13,9;3,0;11,1;8,8;6,5;5,8
336;655;99;2019-12-03;00;15;10:30;14:10;07:40;4386B;LLERENA;0,0;938,3;935,2;BADAJOZ;8,6;6,1;12,3;8,6;4,9;2,8
337;655;34;2019-12-04;00;14;15:10;14:20;05:10;4386B;LLERENA;0,0;936,2;932,9;BADAJOZ;6,4;4,0;11,1;8,4;5,8;1,4
338;655;07;2019-12-05;23;Varias;11:50;13:30;08:00;4386B;LLERENA;0,0;943,0;936,0;BADAJOZ;11,4;5,0;11,8;8,6;5,4;4,2
339;655;99;2019-12-06;23;03;Varias;15:00;05:30;4386B;LLERENA;0,0;946,4;942,2;BADAJOZ;7,2;8,8;14,3;9,6;4,9;3,3
340;655;12;2019-12-07;23;04;Varias;13:20;06:20;4386B;LLERENA;0,0;949,8;945,8;BADAJOZ;5,6;9,1;15,0;10,2;5,4;1,1
341;655;99;2019-12-08;24;03;Varias;14:00;05:40;4386B;LLERENA;1,0;951,9;948,9;BADAJOZ;5,8;5,8;14,9;10,2;5,4;1,7
342;655;34;2019-12-09;11;Varias;04:50;14:40;23:59;4386B;LLERENA;0,2;954,4;951,3;BADAJOZ;5,0;5,3;13,3;10,1;6,9;1,7
343;655;11;2019-12-10;00;24;Varias;14:30;08:00;4386B;LLERENA;0,0;953,4;949,6;BADAJOZ;6,7;6,9;14,0;8,8;3,7;1,1
344;655;34;2019-12-11;21;06;15:40;12:20;23:59;4386B;LLERENA;0,0;951,5;948,1;BADAJOZ;10,6;2,7;11,2;7,8;4,3;4,2
345;655;26;2019-12-12;10;23;19:50;23:59;01:10;4386B;LLERENA;1,6;950,8;945,2;BADAJOZ;13,1;1,2;10,4;7,1;3,8;6,1
346;655;28;2019-12-13;11;02;06:30;14:30;06:30;4386B;LLERENA;0,2;948,0;945,0;BADAJOZ;12,8;0,1;12,5;11,2;9,9;6,4
347;655;31;2019-12-14;10;24;02:10;13:50;06:00;4386B;LLERENA;0,0;946,7;943,9;BADAJOZ;8,9;0,0;11,6;10,2;8,8;3,6
348;655;17;2019-12-15;00;24;23:20;13:10;07:00;4386B;LLERENA;0,2;943,9;933,5;BADAJOZ;12,8;1,2;12,5;10,8;9,2;3,9
349;655;20;2019-12-16;00;17;15:20;14:10;Varias;4386B;LLERENA;16,0;933,5;921,1;BADAJOZ;24,7;2,8;14,2;11,4;8,6;10,0
350;655;29;2019-12-17;Varias;01;12:10;15:00;20:40;4386B;LLERENA;0,0;941,1;922,3;BADAJOZ;9,7;5,1;9,6;7,4;5,2;4,7
351;655;16;2019-12-18;10;24;23:40;13:20;00:10;4386B;LLERENA;5,2;943,8;940,6;BADAJOZ;16,1;4,8;10,8;8,4;6,0;6,9
352;655;22;2019-12-19;03;23;21:50;Varias;Varias;4386B;LLERENA;34,0;940,9;930,5;BADAJOZ;20,8;0,0;14,3;12,0;9,6;7,8
353;655;26;2019-12-20;23;02;06:50;15:30;09:00;4386B;LLERENA;7,4;933,6;929,5;BADAJOZ;19,2;0,1;15,3;14,4;13,4;8,9
354;655;26;2019-12-21;23;02;15:10;14:40;23:30;4386B;LLERENA;1,8;944,4;933,1;BADAJOZ;21,4;1,0;16,4;13,4;10,5;9,2
355;655;99;2019-12-22;24;00;Varias;14:40;08:00;4386B;LLERENA;0,2;951,1;944,2;BADAJOZ;13,3;7,4;14,3;11,8;9,3;6,7
356;655;12;2019-12-23;10;Varias;23:59;14:30;07:40;4386B;LLERENA;0,0;953,5;950,9;BADAJOZ;6,4;9,0;15,4;10,7;6,0;1,4
357;655;12;2019-12-24;10;24;08:00;14:50;01:50;4386B;LLERENA;0,0;952,1;949,3;BADAJOZ;9,2;9,0;19,7;15,4;11,2;4,4
358;655;16;2019-12-25;23;06;03:30;14:00;05:50;4386B;LLERENA;0,0;950,9;948,3;BADAJOZ;7,8;6,4;21,1;15,8;10,6;2,8
359;655;11;2019-12-26;11;06;21:30;14:20;05:50;4386B;LLERENA;0,0;951,9;949,6;BADAJOZ;5,8;4,4;15,8;12,7;9,6;2,5
360;655;17;2019-12-27;Varias;05;08:30;13:50;23:59;4386B;LLERENA;0,0;951,5;949,4;BADAJOZ;9,2;8,3;17,5;14,0;10,4;2,2
361;655;12;2019-12-28;10;16;06:20;16:00;04:40;4386B;LLERENA;0,0;952,3;950,1;BADAJOZ;6,4;9,1;19,1;13,8;8,5;3,1
362;655;12;2019-12-29;Varias;Varias;04:20;15:00;07:20;4386B;LLERENA;0,0;953,0;951,1;BADAJOZ;7,5;9,1;17,0;12,4;7,9;2,5
363;655;10;2019-12-30;11;05;03:20;15:10;07:30;4386B;LLERENA;0,0;954,5;952,0;BADAJOZ;4,4;9,1;17,0;11,4;5,9;1,4
364;655;11;2019-12-31;Varias;15;11:30;14:50;06:30;4386B;LLERENA;0,0;954,9;952,8;BADAJOZ;5,6;9,1;15,2;10,8;6,3;1,9
365;655;34;2020-01-01;10;14;14:20;14:10;07:00;4386B;LLERENA;0,0;955,4;953,3;BADAJOZ;3,1;9,1;17,5;11,8;6,2;0,6
366;655;21;2020-01-02;23;04;11:10;15:20;04:20;4386B;LLERENA;0,0;955,3;952,6;BADAJOZ;5,3;8,4;15,0;10,6;6,3;1,7
367;655;34;2020-01-03;10;01;13:20;15:30;22:30;4386B;LLERENA;0,0;956,8;954,5;BADAJOZ;5,8;2,1;10,7;7,9;5,1;1,7
368;655;06;2020-01-04;11;15;15:10;14:50;09:50;4386B;LLERENA;0,2;956,0;952,9;BADAJOZ;8,6;5,6;10,8;6,5;2,2;2,2
369;655;05;2020-01-05;00;15;13:30;16:00;02:30;4386B;LLERENA;0,0;953,7;950,3;BADAJOZ;4,7;8,8;12,5;7,4;2,4;1,9
370;655;13;2020-01-06;22;Varias;23:50;14:20;05:50;4386B;LLERENA;0,0;954,0;950,0;BADAJOZ;4,2;9,3;14,5;9,2;3,8;1,4
371;655;12;2020-01-07;11;Varias;04:30;15:20;04:00;4386B;LLERENA;0,0;955,1;953,2;BADAJOZ;5,3;9,3;15,2;10,3;5,4;1,7
372;655;30;2020-01-08;10;15;22:40;14:20;05:00;4386B;LLERENA;0,0;953,4;950,8;BADAJOZ;3,1;9,3;18,2;11,5;4,8;1,4
373;655;21;2020-01-09;10;05;05:30;14:30;07:50;4386B;LLERENA;0,0;951,6;949,6;BADAJOZ;8,6;9,3;13,4;9,0;4,5;2,2
374;655;08;2020-01-10;23;14;14:40;16:00;08:00;4386B;LLERENA;0,0;952,7;949,0;BADAJOZ;8,6;9,1;11,4;7,0;2,5;3,1
375;655;10;2020-01-11;11;15;09:40;14:50;07:50;4386B;LLERENA;0,0;954,3;952,2;BADAJOZ;6,9;9,4;11,8;6,8;1,8;1,9
376;655;01;2020-01-12;11;24;14:30;14:20;01:20;4386B;LLERENA;0,0;955,0;952,0;BADAJOZ;5,0;9,4;13,1;8,1;3,1;1,1
377;655;17;2020-01-13;00;21;10:50;15:00;01:00;4386B;LLERENA;0,0;952,0;947,8;BADAJOZ;6,4;9,4;13,2;8,4;3,5;1,9
378;655;20;2020-01-14;00;14;21:00;12:20;05:30;4386B;LLERENA;0,0;948,0;945,9;BADAJOZ;12,2;5,8;11,7;7,4;3,1;4,7
379;655;20;2020-01-15;24;Varias;07:10;Varias;06:00;4386B;LLERENA;0,4;950,9;945,7;BADAJOZ;16,1;0,0;10,5;8,7;6,9;8,6
380;655;21;2020-01-16;23;Varias;23:59;14:20;07:30;4386B;LLERENA;0,4;952,2;949,8;BADAJOZ;11,1;8,6;14,6;11,3;8,0;5,3
381;655;21;2020-01-17;11;00;00:10;13:00;21:50;4386B;LLERENA;2,0;956,5;951,6;BADAJOZ;10,6;7,3;14,4;11,2;8,0;2,2
382;655;29;2020-01-18;00;24;21:50;15:40;23:59;4386B;LLERENA;7,0;955,3;947,0;BADAJOZ;15,3;0,0;12,1;10,0;7,8;6,7
383;655;03;2020-01-19;00;17;16:30;14:00;22:00;4386B;LLERENA;0,0;947,2;942,9;BADAJOZ;12,2;3,0;10,5;7,4;4,2;5,3
384;655;07;2020-01-20;00;16;16:30;15:20;07:00;4386B;LLERENA;0,0;944,2;939,1;BADAJOZ;15,8;3,0;5,8;4,0;2,1;6,9
385;655;06;2020-01-21;00;15;12:50;14:40;08:10;4386B;LLERENA;3,0;941,0;936,4;BADAJOZ;12,2;2,7;7,5;5,0;2,4;4,7
386;655;15;2020-01-22;11;05;19:40;15:20;04:00;4386B;LLERENA;3,2;939,5;937,3;BADAJOZ;12,5;0,0;8,3;6,0;3,8;3,3
387;655;15;2020-01-23;Varias;05;10:40;Varias;Varias;4386B;LLERENA;12,2;941,7;938,2;BADAJOZ;14,7;0,0;7,6;7,0;6,3;5,0
388;655;15;2020-01-24;11;22;22:20;13:10;21:00;4386B;LLERENA;11,0;943,5;939,4;BADAJOZ;13,6;1,4;10,4;8,4;6,5;4,4
389;655;16;2020-01-25;24;06;06:20;15:40;23:59;4386B;LLERENA;0,6;944,1;938,5;BADAJOZ;11,7;2,4;10,8;8,4;6,0;4,4
390;655;30;2020-01-26;21;00;13:10;15:20;07:40;4386B;LLERENA;0,2;950,1;944,1;BADAJOZ;6,1;7,9;12,2;7,7;3,2;2,5
391;655;99;2020-01-27;Varias;15;Varias;15:30;00:30;4386B;LLERENA;0,0;950,1;947,9;BADAJOZ;9,2;4,2;12,1;9,0;5,9;4,2
392;655;21;2020-01-28;12;04;00:30;13:40;01:00;4386B;LLERENA;0,0;950,4;948,1;BADAJOZ;9,4;2,9;13,4;11,0;8,7;4,2
393;655;26;2020-01-29;11;15;13:30;13:00;07:00;4386B;LLERENA;0,0;950,5;948,4;BADAJOZ;5,0;5,0;14,9;11,8;8,7;1,4
394;655;22;2020-01-30;11;05;21:10;16:10;08:00;4386B;LLERENA;0,4;950,9;948,3;BADAJOZ;8,1;3,4;15,2;11,2;7,1;2,2
395;655;21;2020-01-31;11;Varias;09:40;14:20;00:20;4386B;LLERENA;0,6;950,7;948,9;BADAJOZ;6,7;1,1;14,4;12,2;10,1;3,1
396;655;22;2020-02-01;24;04;01:40;16:30;23:59;4386B;LLERENA;0,4;953,3;949,1;BADAJOZ;7,5;1,5;14,6;12,2;9,9;2,2
397;655;12;2020-02-02;20;04;05:10;15:10;07:50;4386B;LLERENA;0,0;954,5;952,0;BADAJOZ;6,9;9,9;19,6;14,4;9,3;2,5
398;655;11;2020-02-03;24;14;09:10;Varias;08:00;4386B;LLERENA;0,0;954,7;952,4;BADAJOZ;8,9;10,0;21,7;16,3;10,9;2,8
399;655;34;2020-02-04;00;24;13:10;15:40;23:20;4386B;LLERENA;0,0;954,6;951,1;BADAJOZ;6,1;10,0;19,6;14,5;9,4;1,7
400;655;17;2020-02-05;00;16;18:50;14:10;23:59;4386B;LLERENA;0,0;951,1;946,4;BADAJOZ;9,2;10,0;20,2;14,1;8,0;3,6
401;655;15;2020-02-06;11;15;04:40;14:50;07:30;4386B;LLERENA;0,0;946,8;944,7;BADAJOZ;10,8;8,4;16,8;11,8;6,7;3,6
402;655;12;2020-02-07;23;03;00:10;14:30;03:00;4386B;LLERENA;0,0;948,7;945,3;BADAJOZ;6,1;4,1;15,2;11,6;7,9;2,8
403;655;27;2020-02-08;23;04;13:50;12:30;07:00;4386B;LLERENA;0,0;952,0;948,2;BADAJOZ;7,2;2,0;14,2;11,3;8,4;3,3
404;655;19;2020-02-09;23;03;03:40;14:50;07:40;4386B;LLERENA;0,0;956,8;950,6;BADAJOZ;5,8;7,9;16,1;12,0;7,9;1,7
405;655;11;2020-02-10;11;Varias;09:30;15:20;05:50;4386B;LLERENA;0,2;957,5;954,5;BADAJOZ;4,2;10,2;17,6;12,4;7,3;1,4
406;655;32;2020-02-11;00;18;15:40;14:20;04:30;4386B;LLERENA;0,2;954,6;949,0;BADAJOZ;6,9;9,0;19,5;13,9;8,3;2,2
407;655;99;2020-02-12;00;17;10:30;11:30;05:00;4386B;LLERENA;0,0;949,3;946,2;BADAJOZ;6,4;3,1;14,1;11,8;9,4;2,2
408;655;34;2020-02-13;23;03;15:50;14:40;06:20;4386B;LLERENA;0,2;950,3;947,1;BADAJOZ;6,1;0,0;11,6;9,4;7,2;1,7
409;655;10;2020-02-14;10;16;10:30;15:40;02:50;4386B;LLERENA;0,0;950,3;947,8;BADAJOZ;5,3;10,3;16,9;11,4;5,9;1,9
410;655;21;2020-02-15;22;04;11:30;15:10;05:30;4386B;LLERENA;0,0;951,7;947,8;BADAJOZ;5,6;9,1;19,2;13,6;7,9;1,4
411;655;32;2020-02-16;22;15;16:40;14:30;06:20;4386B;LLERENA;0,2;952,5;950,5;BADAJOZ;5,0;10,2;19,2;14,0;8,8;2,2
412;655;33;2020-02-17;11;Varias;14:20;12:00;06:40;4386B;LLERENA;0,0;953,9;951,5;BADAJOZ;6,4;4,0;16,1;12,1;8,1;3,1
413;655;33;2020-02-18;11;16;17:20;15:40;07:20;4386B;LLERENA;0,0;953,3;951,3;BADAJOZ;4,7;4,9;15,2;10,3;5,4;1,7
414;655;12;2020-02-19;11;24;07:40;14:40;07:00;4386B;LLERENA;0,0;954,1;949,7;BADAJOZ;7,2;9,8;17,0;11,8;6,7;3,1
415;655;17;2020-02-20;00;14;04:30;15:40;07:30;4386B;LLERENA;0,0;949,7;946,1;BADAJOZ;8,9;10,4;16,8;11,3;5,8;2,8
416;655;10;2020-02-21;23;04;12:30;15:30;05:20;4386B;LLERENA;0,0;953,0;948,1;BADAJOZ;6,7;10,3;19,2;12,8;6,3;2,8
417;655;10;2020-02-22;12;04;15:10;15:00;06:30;4386B;LLERENA;0,0;955,5;952,3;BADAJOZ;6,4;10,6;20,6;14,4;8,2;3,1
418;655;11;2020-02-23;10;16;13:00;15:00;04:10;4386B;LLERENA;0,0;956,1;953,4;BADAJOZ;6,4;10,6;21,1;14,6;8,1;3,9
419;655;35;2020-02-24;00;17;16:30;14:50;06:50;4386B;LLERENA;0,0;953,5;948,7;BADAJOZ;5,8;10,6;21,4;15,7;10,0;1,9
420;655;32;2020-02-25;00;16;17:10;16:00;07:00;4386B;LLERENA;0,0;948,9;946,6;BADAJOZ;8,9;9,8;14,7;11,2;7,8;4,2
421;655;32;2020-02-26;12;04;00:20;15:20;07:30;4386B;LLERENA;0,0;948,2;946,0;BADAJOZ;8,6;9,5;15,3;10,2;5,1;3,6
422;655;34;2020-02-27;12;04;14:10;14:50;05:30;4386B;LLERENA;0,0;949,9;946,9;BADAJOZ;9,7;10,5;16,7;10,4;4,2;3,1
423;655;19;2020-02-28;00;20;20:20;13:30;04:00;4386B;LLERENA;0,0;948,5;941,9;BADAJOZ;9,2;9,9;20,0;14,1;8,2;3,6
424;655;21;2020-02-29;21;15;11:50;12:00;05:00;4386B;LLERENA;3,0;943,3;941,1;BADAJOZ;11,1;2,0;15,4;10,8;6,1;4,4
425;655;25;2020-03-01;12;24;23:10;13:40;06:00;4386B;LLERENA;2,8;944,3;938,8;BADAJOZ;15,0;1,6;14,8;11,4;7,9;6,1
426;655;29;2020-03-02;24;05;09:00;13:00;23:59;4386B;LLERENA;0,4;947,2;935,8;BADAJOZ;18,6;8,2;14,1;10,0;5,8;8,6
427;655;27;2020-03-03;22;03;10:10;13:10;03:10;4386B;LLERENA;0,2;948,8;945,4;BADAJOZ;13,6;2,7;15,1;9,8;4,6;6,1
428;655;33;2020-03-04;Varias;24;15:50;14:00;07:00;4386B;LLERENA;0,0;949,0;945,2;BADAJOZ;10,3;7,9;16,2;12,4;8,7;3,3
429;655;28;2020-03-05;24;07;15:20;15:30;23:50;4386B;LLERENA;0,6;945,5;941,7;BADAJOZ;13,9;5,0;14,6;10,3;6,0;7,2
430;655;32;2020-03-06;24;05;10:20;15:50;03:30;4386B;LLERENA;0,0;949,6;944,7;BADAJOZ;13,6;9,7;14,1;9,5;4,9;6,1
431;655;32;2020-03-07;22;16;01:50;15:20;07:00;4386B;LLERENA;0,0;951,0;948,8;BADAJOZ;8,6;10,5;16,9;9,9;2,9;1,9
432;655;99;2020-03-08;22;06;Varias;14:40;02:20;4386B;LLERENA;0,0;951,5;949,0;BADAJOZ;7,8;10,3;19,6;12,8;6,1;1,9
433;655;99;2020-03-09;11;18;Varias;14:40;07:00;4386B;LLERENA;0,0;951,6;949,3;BADAJOZ;8,1;9,7;18,9;12,6;6,4;3,1
434;655;13;2020-03-10;11;17;10:30;14:50;06:20;4386B;LLERENA;0,0;951,6;949,6;BADAJOZ;8,1;11,2;24,8;16,1;7,4;1,9
435;655;15;2020-03-11;00;Varias;23:50;13:30;00:50;4386B;LLERENA;0,0;949,7;945,4;BADAJOZ;12,2;9,0;27,1;20,4;13,6;4,2
436;655;99;2020-03-12;00;16;Varias;14:30;23:59;4386B;LLERENA;0,0;945,4;942,0;BADAJOZ;13,3;6,6;24,0;19,0;13,9;5,0
437;655;31;2020-03-13;22;16;12:40;14:50;23:59;4386B;LLERENA;0,0;943,5;941,3;BADAJOZ;8,3;10,3;21,8;16,4;11,0;3,9
438;655;19;2020-03-14;10;16;17:20;16:10;05:00;4386B;LLERENA;0,0;944,5;941,6;BADAJOZ;5,8;9,1;23,1;16,6;10,1;1,9
439;655;30;2020-03-15;00;18;22:50;14:20;23:59;4386B;LLERENA;1,4;941,9;937,1;BADAJOZ;12,5;7,3;21,3;14,0;6,8;4,7
440;655;33;2020-03-16;23;Varias;15:40;13:10;06:50;4386B;LLERENA;7,8;939,9;937,9;BADAJOZ;16,1;5,2;10,1;5,6;1,2;6,9
441;655;08;2020-03-17;20;Varias;15:20;16:00;05:00;4386B;LLERENA;0,2;945,2;939,3;BADAJOZ;13,3;5,6;14,9;8,8;2,8;5,6
442;655;08;2020-03-18;Varias;17;11:40;15:50;06:50;4386B;LLERENA;0,0;945,0;942,6;BADAJOZ;10,3;8,9;19,5;13,4;7,3;5,0
443;655;18;2020-03-19;Varias;24;23:30;15:40;06:30;4386B;LLERENA;0,0;943,5;939,1;BADAJOZ;7,5;4,2;17,1;12,1;7,1;3,1
444;655;18;2020-03-20;Varias;24;22:10;11:40;23:00;4386B;LLERENA;26,0;939,1;935,5;BADAJOZ;13,1;1,0;15,1;12,6;10,2;4,2
445;655;99;2020-03-21;09;17;Varias;11:30;07:00;4386B;LLERENA;7,0;936,5;933,1;BADAJOZ;11,4;4,6;12,1;8,6;5,2;2,5
446;655;10;2020-03-22;23;Varias;09:50;16:40;04:00;4386B;LLERENA;0,4;937,3;933,7;BADAJOZ;7,8;5,3;13,5;9,2;5,0;2,5
447;655;12;2020-03-23;09;17;20:20;14:00;06:50;4386B;LLERENA;1,2;937,7;935,4;BADAJOZ;10,3;6,6;13,3;10,0;6,6;3,9
448;655;07;2020-03-24;Varias;07;09:00;15:30;06:00;4386B;LLERENA;0,2;939,2;935,0;BADAJOZ;12,2;6,2;15,6;10,8;6,0;5,0
449;655;29;2020-03-25;11;24;23:10;14:40;04:00;4386B;LLERENA;0,0;941,0;938,7;BADAJOZ;10,6;8,6;18,0;12,3;6,6;2,5
450;655;99;2020-03-26;00;17;Varias;13:00;23:59;4386B;LLERENA;0,0;938,7;933,8;BADAJOZ;10,8;10,8;17,9;12,4;7,0;5,6
451;655;11;2020-03-27;24;04;23:50;14:30;Varias;4386B;LLERENA;0,0;937,8;932,0;BADAJOZ;7,5;5,3;12,8;8,6;4,3;2,8
452;655;99;2020-03-28;Varias;Varias;Varias;16:00;06:10;4386B;LLERENA;0,0;943,0;937,5;BADAJOZ;7,2;5,8;14,7;8,2;1,6;3,1
453;655;23;2020-03-29;10;24;19:30;14:00;06:00;4386B;LLERENA;0,0;943,3;939,8;BADAJOZ;6,1;4,1;15,9;11,6;7,3;1,7
454;655;16;2020-03-30;00;24;23:30;11:00;19:50;4386B;LLERENA;20,2;939,8;928,5;BADAJOZ;13,3;0,6;14,1;10,8;7,5;3,3
455;655;26;2020-03-31;24;05;14:10;12:50;23:20;4386B;LLERENA;6,6;935,0;925,8;BADAJOZ;14,2;2,7;14,2;10,0;5,7;5,3
456;655;20;2020-04-01;10;01;13:50;13:20;04:00;4386B;LLERENA;5,8;937,1;934,6;BADAJOZ;11,1;6,1;12,3;7,8;3,2;3,1
457;655;02;2020-04-02;23;04;13:30;16:50;05:40;4386B;LLERENA;0,0;940,2;933,7;BADAJOZ;7,5;3,3;13,7;9,4;5,1;2,5
458;655;17;2020-04-03;10;16;23:50;15:00;05:30;4386B;LLERENA;0,0;941,2;938,6;BADAJOZ;9,2;5,6;17,8;12,6;7,3;1,4
459;655;14;2020-04-04;21;06;10:00;12:40;05:00;4386B;LLERENA;0,0;939,9;936,8;BADAJOZ;13,3;2,5;14,8;10,9;7,0;5,3
460;655;17;2020-04-05;24;04;05:40;13:00;00:40;4386B;LLERENA;2,2;942,9;938,5;BADAJOZ;15,6;8,1;17,6;14,0;10,5;7,5
461;655;20;2020-04-06;21;04;23:59;12:40;06:00;4386B;LLERENA;0,0;946,4;942,4;BADAJOZ;10,6;1,8;16,1;13,7;11,3;3,9
462;655;18;2020-04-07;23;03;05:40;16:20;06:30;4386B;LLERENA;0,4;947,8;945,3;BADAJOZ;11,4;2,6;19,4;15,4;11,3;4,4
463;655;10;2020-04-08;00;16;11:30;16:30;07:30;4386B;LLERENA;0,0;947,6;944,0;BADAJOZ;6,1;2,9;20,2;15,6;11,1;3,3
464;655;21;2020-04-09;21;05;12:50;11:40;23:59;4386B;LLERENA;12,4;945,2;942,4;BADAJOZ;8,1;0,0;16,1;14,2;12,2;2,5
465;655;21;2020-04-10;10;Varias;Varias;13:40;03:40;4386B;LLERENA;3,8;945,9;944,2;BADAJOZ;6,4;1,6;18,4;15,0;11,7;2,2
466;655;11;2020-04-11;00;Varias;15:30;14:20;23:59;4386B;LLERENA;0,0;945,2;941,6;BADAJOZ;6,7;4,2;19,6;15,6;11,5;2,5
467;655;19;2020-04-12;00;24;08:40;13:30;06:00;4386B;LLERENA;0,0;942,7;935,9;BADAJOZ;8,1;7,7;20,4;15,0;9,5;2,5
468;655;16;2020-04-13;00;15;16:30;15:30;23:50;4386B;LLERENA;3,6;935,9;931,6;BADAJOZ;10,3;5,2;17,9;13,8;9,6;3,6
469;655;16;2020-04-14;10;19;15:30;13:10;06:00;4386B;LLERENA;13,2;936,1;933,8;BADAJOZ;10,8;9,0;18,1;13,0;7,9;4,4
470;655;19;2020-04-15;Varias;03;06:50;13:20;07:00;4386B;LLERENA;2,4;940,4;933,2;BADAJOZ;17,8;3,4;14,8;12,1;9,4;7,5
471;655;20;2020-04-16;00;09;08:50;10:50;05:00;4386B;LLERENA;2,6;940,4;937,4;BADAJOZ;18,1;1,9;14,7;12,9;11,1;7,8
472;655;21;2020-04-17;10;05;11:40;14:00;23:00;4386B;LLERENA;0,0;940,8;939,0;BADAJOZ;9,7;0,9;16,0;13,4;10,8;3,6
473;655;33;2020-04-18;00;18;17:40;14:50;06:20;4386B;LLERENA;0,2;940,3;936,6;BADAJOZ;5,8;6,9;20,0;14,8;9,6;2,5
474;655;29;2020-04-19;23;16;17:30;13:30;23:59;4386B;LLERENA;0,2;938,5;935,1;BADAJOZ;11,1;9,1;18,8;13,8;8,8;4,2
475;655;20;2020-04-20;10;17;16:10;12:40;03:10;4386B;LLERENA;10,6;938,4;933,5;BADAJOZ;11,7;1,9;15,4;11,2;7,1;5,0
476;655;32;2020-04-21;24;05;17:00;14:30;04:00;4386B;LLERENA;0,4;939,8;932,0;BADAJOZ;10,0;2,3;15,4;11,5;7,6;3,1
477;655;27;2020-04-22;Varias;05;02:20;15:30;06:10;4386B;LLERENA;0,0;942,0;939,0;BADAJOZ;7,5;9,7;19,7;14,0;8,4;2,5
478;655;99;2020-04-23;10;18;23:50;13:20;04:00;4386B;LLERENA;0,0;942,1;939,3;BADAJOZ;11,4;11,3;21,8;15,5;9,2;3,3
479;655;99;2020-04-24;00;Varias;04:50;14:40;06:50;4386B;LLERENA;1,8;939,6;934,8;BADAJOZ;13,6;8,5;21,6;16,6;11,6;3,9
480;655;27;2020-04-25;24;Varias;17:10;14:10;23:40;4386B;LLERENA;2,0;938,3;934,5;BADAJOZ;10,6;0,9;16,5;13,6;10,8;4,2
481;655;27;2020-04-26;11;04;15:00;12:40;06:00;4386B;LLERENA;0,0;939,5;937,6;BADAJOZ;7,8;0,7;16,0;12,8;9,5;3,1
482;655;27;2020-04-27;24;Varias;17:00;16:50;23:40;4386B;LLERENA;2,0;940,9;937,8;BADAJOZ;8,6;4,4;16,5;12,9;9,3;3,9
483;655;29;2020-04-28;23;Varias;15:40;14:40;05:00;4386B;LLERENA;0,0;944,8;940,3;BADAJOZ;9,7;8,8;17,8;12,6;7,5;3,3
484;655;28;2020-04-29;11;02;16:50;14:00;04:00;4386B;LLERENA;0,2;945,9;943,8;BADAJOZ;9,7;11,9;20,0;14,0;8,0;3,3
485;655;28;2020-04-30;22;05;05:30;14:00;06:00;4386B;LLERENA;0,0;947,4;943,7;BADAJOZ;10,0;4,9;19,2;15,1;11,0;3,3
486;655;27;2020-05-01;Varias;03;14:20;15:30;04:50;4386B;LLERENA;0,0;948,3;946,4;BADAJOZ;6,9;12,5;23,7;16,7;9,7;3,3
487;655;26;2020-05-02;00;24;13:20;15:00;04:00;4386B;LLERENA;0,0;948,0;944,5;BADAJOZ;6,4;12,8;27,8;20,0;12,3;1,9
488;655;16;2020-05-03;00;24;23:59;15:00;02:20;4386B;LLERENA;0,0;944,5;938,5;BADAJOZ;12,8;12,5;29,1;22,4;15,6;4,4
489;655;20;2020-05-04;24;05;11:10;15:00;23:59;4386B;LLERENA;0,0;941,9;936,4;BADAJOZ;17,8;11,6;25,9;19,4;12,9;7,8
490;655;34;2020-05-05;23;02;17:50;15:20;02:00;4386B;LLERENA;0,0;943,6;941,0;BADAJOZ;6,9;12,9;24,5;18,0;11,5;2,8
491;655;03;2020-05-06;Varias;24;11:00;15:40;05:00;4386B;LLERENA;0,0;944,2;940,6;BADAJOZ;6,9;10,2;24,1;17,6;11,1;2,2
492;655;17;2020-05-07;24;17;10:20;15:30;06:00;4386B;LLERENA;0,0;940,7;938,3;BADAJOZ;11,1;8,0;27,4;20,4;13,3;3,1
493;655;23;2020-05-08;00;17;14:20;13:30;23:59;4386B;LLERENA;0,0;940,5;938,5;BADAJOZ;10,8;12,2;24,4;18,6;12,7;3,3
494;655;21;2020-05-09;00;17;14:10;13:40;05:00;4386B;LLERENA;8,4;939,9;935,5;BADAJOZ;11,7;6,4;20,9;15,5;10,1;5,0
495;655;28;2020-05-10;22;05;14:00;13:40;03:00;4386B;LLERENA;10,8;937,1;934,5;BADAJOZ;12,8;5,0;17,7;13,4;9,0;5,6
496;655;21;2020-05-11;22;06;13:50;14:30;01:30;4386B;LLERENA;0,6;937,5;934,1;BADAJOZ;11,7;4,8;19,7;15,2;10,8;6,1
497;655;15;2020-05-12;00;16;10:30;14:00;11:20;4386B;LLERENA;6,4;936,5;932,5;BADAJOZ;12,2;2,8;17,3;13,6;9,8;4,2
498;655;15;2020-05-13;00;16;13:30;12:20;23:00;4386B;LLERENA;2,8;933,9;929,3;BADAJOZ;12,8;4,3;17,0;12,8;8,6;4,7
499;655;20;2020-05-14;Varias;05;15:10;17:50;03:50;4386B;LLERENA;3,6;934,6;929,4;BADAJOZ;14,2;1,6;13,7;10,8;7,8;6,7
500;655;15;2020-05-15;22;Varias;00:20;15:10;06:00;4386B;LLERENA;2,0;939,5;934,5;BADAJOZ;10,3;6,1;20,0;14,9;9,8;2,5
501;655;10;2020-05-16;23;03;17:50;16:50;06:00;4386B;LLERENA;0,0;944,7;938,8;BADAJOZ;8,9;10,9;21,8;15,1;8,4;
502;655;30;2020-05-17;22;02;13:10;15:20;05:30;4386B;LLERENA;0,0;948,0;943,9;BADAJOZ;7,5;9,0;23,8;17,6;11,4;2,2
503;655;30;2020-05-18;09;Varias;16:20;15:50;02:50;4386B;LLERENA;0,0;948,4;945,9;BADAJOZ;6,7;13,7;27,1;20,2;13,3;1,7
504;655;28;2020-05-19;00;18;17:20;16:00;04:50;4386B;LLERENA;0,0;946,6;942,8;BADAJOZ;6,7;13,7;29,6;22,8;15,9;2,2
505;655;28;2020-05-20;Varias;17;16:10;14:00;04:50;4386B;LLERENA;0,0;944,8;941,9;BADAJOZ;7,5;12,2;30,9;23,8;16,8;1,7
506;655;23;2020-05-21;22;Varias;13:00;15:30;03:50;4386B;LLERENA;0,0;947,9;944,0;BADAJOZ;6,7;13,4;31,5;24,4;17,2;2,8
507;655;17;2020-05-22;23;03;16:00;14:50;05:00;4386B;LLERENA;0,0;949,7;947,0;BADAJOZ;7,2;13,6;32,2;24,5;16,8;2,2
508;655;34;2020-05-23;10;Varias;17:10;14:30;05:40;4386B;LLERENA;0,0;950,8;948,0;BADAJOZ;8,6;13,6;33,6;25,6;17,5;2,5
509;655;21;2020-05-24;00;18;11:40;14:00;04:40;4386B;LLERENA;0,0;949,3;947,2;BADAJOZ;9,7;10,7;32,4;25,5;18,6;3,9
510;655;26;2020-05-25;Varias;17;18:30;15:50;03:20;4386B;LLERENA;0,0;948,1;945,0;BADAJOZ;8,6;10,8;32,2;25,6;19,0;2,2
511;655;17;2020-05-26;11;18;05:00;15:50;02:30;4386B;LLERENA;0,0;947,3;944,4;BADAJOZ;13,1;12,0;32,3;25,8;19,3;3,1
512;655;17;2020-05-27;09;17;23:10;15:50;05:30;4386B;LLERENA;0,0;946,3;943,9;BADAJOZ;12,8;11,0;30,8;24,8;18,9;2,8
513;655;17;2020-05-28;00;18;00:10;14:40;05:30;4386B;LLERENA;0,0;945,7;941,7;BADAJOZ;12,5;12,7;31,4;23,2;14,9;3,9
514;655;20;2020-05-29;00;18;02:30;15:30;05:20;4386B;LLERENA;0,0;942,3;937,7;BADAJOZ;7,8;11,9;32,4;25,4;18,4;1,9
515;655;18;2020-05-30;Varias;18;08:10;14:20;05:30;4386B;LLERENA;0,0;939,0;936,4;BADAJOZ;11,1;12,8;32,2;24,4;16,6;3,3
516;655;20;2020-05-31;24;05;18:40;12:50;23:59;4386B;LLERENA;0,0;939,2;936,6;BADAJOZ;15,0;7,5;30,1;23,4;16,8;7,2
517;655;22;2020-06-01;12;02;09:20;15:20;04:00;4386B;LLERENA;0,0;941,0;938,4;BADAJOZ;10,0;8,1;26,7;20,1;13,5;4,7
518;655;21;2020-06-02;10;17;12:10;16:10;05:50;4386B;LLERENA;0,0;941,5;939,2;BADAJOZ;10,3;11,1;26,9;20,8;14,8;3,9
519;655;27;2020-06-03;00;Varias;17:10;14:00;04:50;4386B;LLERENA;0,0;940,2;935,6;BADAJOZ;10,8;11,0;28,4;21,2;14,0;3,9
520;655;28;2020-06-04;Varias;04;12:00;16:00;05:00;4386B;LLERENA;0,0;939,3;934,8;BADAJOZ;12,2;5,5;25,0;19,2;13,5;5,8
521;655;28;2020-06-05;23;Varias;14:40;14:40;04:40;4386B;LLERENA;0,0;940,4;938,4;BADAJOZ;10,6;14,1;28,3;20,0;11,6;4,7
522;655;20;2020-06-06;00;17;15:10;17:00;05:20;4386B;LLERENA;0,0;940,0;934,5;BADAJOZ;10,6;9,9;27,2;19,8;12,5;3,3
523;655;99;2020-06-07;22;02;Varias;15:20;05:00;4386B;LLERENA;0,0;940,0;935,9;BADAJOZ;10,8;5,7;23,5;17,4;11,4;5,3
524;655;33;2020-06-08;23;03;11:50;15:10;04:50;4386B;LLERENA;0,0;941,8;938,6;BADAJOZ;9,2;11,4;24,4;15,6;6,9;3,6
525;655;19;2020-06-09;11;17;21:00;15:40;05:10;4386B;LLERENA;0,0;943,1;941,0;BADAJOZ;9,7;14,1;27,3;19,6;11,9;2,5
526;655;29;2020-06-10;00;17;17:40;14:50;04:00;4386B;LLERENA;0,0;942,9;939,6;BADAJOZ;11,1;11,4;29,5;21,4;13,4;3,3
527;655;30;2020-06-11;00;20;13:00;12:40;04:50;4386B;LLERENA;0,0;940,8;935,4;BADAJOZ;13,9;8,9;23,7;17,1;10,5;6,7
528;655;27;2020-06-12;24;03;15:00;16:20;05:20;4386B;LLERENA;0,2;940,0;935,3;BADAJOZ;10,3;7,4;21,2;15,1;9,0;5,3
529;655;24;2020-06-13;24;01;14:50;15:40;05:00;4386B;LLERENA;0,0;944,5;939,7;BADAJOZ;10,8;9,4;24,1;16,4;8,8;3,3
530;655;;2020-06-14;24;03;;14:50;05:40;4386B;LLERENA;0,0;947,6;944,1;BADAJOZ;;13,2;26,8;19,3;11,8;3,3
531;655;30;2020-06-15;10;17;11:50;13:40;05:00;4386B;LLERENA;0,0;948,0;946,1;BADAJOZ;10,8;13,3;27,1;19,0;10,9;3,3
532;655;27;2020-06-16;01;18;14:50;14:40;05:20;4386B;LLERENA;0,0;946,8;944,5;BADAJOZ;13,1;10,5;25,7;18,8;11,9;5,3
533;655;31;2020-06-17;00;19;12:40;14:40;05:00;4386B;LLERENA;0,0;944,9;940,0;BADAJOZ;11,1;14,3;26,3;18,6;10,8;4,7
534;655;30;2020-06-18;24;16;17:00;16:00;04:30;4386B;LLERENA;0,0;942,2;938,7;BADAJOZ;8,9;14,2;29,7;20,8;11,9;2,8
